1392105393.0,1392105393.0.1,4
1392105393.0,1392105393.0,3
1392105393.0,1392105393.0,"4,3"
1392105393.0,1392105393.0,4
1392105394.0,1392105394.0,"4,3"
1392105394.0,1392105394.0,4
1392105394.0,1392105394.0,3
1392105395.0,1392105395.0,"4,3"
1392105395.0,1392105395.0,4
1392105395.0,1392105395.0,3
1392105396.0,1392105396.0,"4,3"
1392105396.0,1392105396.0,4
1392105396.0,1392105396.0,3
1392105397.0,1392105397.0,"4,3"
1392105397.0,1392105397.0,4
1392105397.0,1392105397.0,3
1392105398.0,1392105398.0,"4,3"
1392105398.0,1392105398.0,4
1392105398.0,1392105398.0,3
1392105399.0,1392105399.0,"4,3"
1392105399.0,1392105399.0,4
1392105399.0,1392105399.0,3
1392105400.0,1392105400.0,"4,3"
1392105400.0,1392105400.0,4
1392105400.0,1392105400.0,3
1392105401.0,1392105401.0,"4,3"
1392105401.0,1392105401.0,4
1392105401.0,1392105401.0,3
1392105402.0,1392105402.0,"4,3"
1392105402.0,1392105402.0,4
1392105402.0,1392105402.0,3
1392105403.0,1392105403.0,"4,3"
1392105403.0,1392105403.0,4
1392105403.0,1392105403.0,3
1392105404.0,1392105404.0,"4,3"
1392105404.0,1392105404.0,4
1392105404.0,1392105404.0,3
1392105405.0,1392105405.0,"4,3"
1392105405.0,1392105405.0,4
1392105405.0,1392105405.0,3
1392105406.0,1392105406.0,"4,3"
1392105406.0,1392105406.0,4
1392105406.0,1392105406.0,3
1392105407.0,1392105407.0,"4,3"
1392105407.0,1392105407.0,4
1392105407.0,1392105407.0,3
1392105408.0,1392105408.0,"4,3"
1392105408.0,1392105408.0,4
1392105408.0,1392105408.0,3
1392105409.0,1392105409.0,"4,3"
1392105409.0,1392105409.0,4
1392105409.0,1392105409.0,3
1392105410.0,1392105410.0,"4,3"
1392105410.0,1392105410.0,4
1392105410.0,1392105410.0,3
1392105411.0,1392105411.0,"4,3"
1392105411.0,1392105411.0,4
1392105411.0,1392105411.0,3
1392105412.0,1392105412.0,"4,3"
1392105412.0,1392105412.0,4
1392105412.0,1392105412.0,3
1392105413.0,1392105413.0,"4,3"
1392105413.0,1392105413.0,4
1392105413.0,1392105413.0,3
1392105414.0,1392105414.0,"4,3"
1392105414.0,1392105414.0,4
1392105414.0,1392105414.0,3
1392105415.0,1392105415.0,"4,3"
1392105415.0,1392105415.0,4
1392105415.0,1392105415.0,3
1392105416.0,1392105416.0,"4,3"
1392105416.0,1392105416.0,4
1392105416.0,1392105416.0,3
1392105417.0,1392105417.0,"4,3"
1392105417.0,1392105417.0,4
1392105417.0,1392105417.0,3
1392105418.0,1392105418.0,"4,3"
1392105418.0,1392105418.0,4
1392105418.0,1392105418.0,3
1392105419.0,1392105419.0,"4,3"
1392105419.0,1392105419.0,4
1392105419.0,1392105419.0,3
1392105420.0,1392105420.0,"4,3"
1392105420.0,1392105420.0,4
1392105420.0,1392105420.0,3
1392105421.0,1392105421.0,"4,3"
1392105421.0,1392105421.0,4
1392105421.0,1392105421.0,3
1392105422.0,1392105422.0,"4,3"
1392105422.0,1392105422.0,4
1392105422.0,1392105422.0,3
1392105423.0,1392105423.0,"4,3"
1392105423.0,1392105423.0,4
1392105423.0,1392105423.0,3
1392105424.0,1392105424.0,"4,3"
1392105424.0,1392105424.0,4
1392105424.0,1392105424.0,3
1392105425.0,1392105425.0,"4,3"
1392105425.0,1392105425.0,4
1392105425.0,1392105425.0,3
1392105426.0,1392105426.0,"4,3"
1392105426.0,1392105426.0,4
1392105426.0,1392105426.0,3
1392105427.0,1392105427.0,"4,3"
1392105427.0,1392105427.0,4
1392105427.0,1392105427.0,3
1392105428.0,1392105428.0,"4,3"
1392105428.0,1392105428.0,4
1392105428.0,1392105428.0,3
1392105429.0,1392105429.0,"4,3"
1392105429.0,1392105429.0,4
1392105429.0,1392105429.0,3
1392105430.0,1392105430.0,"4,3"
1392105430.0,1392105430.0,4
1392105430.0,1392105430.0,3
1392105431.0,1392105431.0,"4,3"
1392105431.0,1392105431.0,4
1392105431.0,1392105431.0,3
1392105432.0,1392105432.0,"4,3"
1392105432.0,1392105432.0,4
1392105432.0,1392105432.0,3
1392105433.0,1392105433.0,"4,3"
1392105433.0,1392105433.0,4
1392105433.0,1392105433.0,3
1392105434.0,1392105434.0,"4,3"
1392105434.0,1392105434.0,4
1392105434.0,1392105434.0,3
1392105435.0,1392105435.0,"4,3"
1392105435.0,1392105435.0,4
1392105435.0,1392105435.0,3
1392105436.0,1392105436.0,"4,3"
1392105436.0,1392105436.0,4
1392105436.0,1392105436.0,3
1392105437.0,1392105437.0,"4,3"
1392105437.0,1392105437.0,4
1392105437.0,1392105437.0,3
1392105438.0,1392105438.0,"4,3"
1392105438.0,1392105438.0,4
1392105438.0,1392105438.0,3
1392105439.0,1392105439.0,"4,3"
1392105439.0,1392105439.0,4
1392105439.0,1392105439.0,3
1392105440.0,1392105440.0,"4,3"
1392105440.0,1392105440.0,4
1392105440.0,1392105440.0,3
1392105441.0,1392105441.0,"4,3"
1392105441.0,1392105441.0,4
1392105441.0,1392105441.0,3
1392105442.0,1392105442.0,"4,3"
1392105442.0,1392105442.0,4
1392105442.0,1392105442.0,3
1392105443.0,1392105443.0,"4,3"
1392105443.0,1392105443.0,4
1392105443.0,1392105443.0,3
1392105444.0,1392105444.0,"4,3"
1392105444.0,1392105444.0,4
1392105444.0,1392105444.0,3
1392105445.0,1392105445.0,"4,3"
1392105445.0,1392105445.0,4
1392105445.0,1392105445.0,3
1392105446.0,1392105446.0,"4,3"
1392105446.0,1392105446.0,4
1392105446.0,1392105446.0,3
1392105447.0,1392105447.0,"4,3"
1392105447.0,1392105447.0,4
1392105447.0,1392105447.0,3
1392105448.0,1392105448.0,"4,3"
1392105448.0,1392105448.0,4
1392105448.0,1392105448.0,3
1392105449.0,1392105449.0,"4,3"
1392105449.0,1392105449.0,4
1392105449.0,1392105449.0,3
1392105450.0,1392105450.0,"4,3"
1392105450.0,1392105450.0,4
1392105450.0,1392105450.0,3
1392105451.0,1392105451.0,"4,3"
1392105451.0,1392105451.0,4
1392105451.0,1392105451.0,3
1392105452.0,1392105452.0,"4,3"
1392105452.0,1392105452.0,4
1392105452.0,1392105452.0,3
1392105453.0,1392105453.0,"4,3"
1392105453.0,1392105453.0,4
1392105453.0,1392105453.0,3
1392105454.0,1392105454.0,"4,3"
1392105454.0,1392105454.0,4
1392105454.0,1392105454.0,3
1392105455.0,1392105455.0,"4,3"
1392105455.0,1392105455.0,4
1392105455.0,1392105455.0,3
1392105456.0,1392105456.0,"4,3"
1392105456.0,1392105456.0,4
1392105456.0,1392105456.0,3
1392105457.0,1392105457.0,"4,3"
1392105457.0,1392105457.0,4
1392105457.0,1392105457.0,3
1392105458.0,1392105458.0,"4,3"
1392105458.0,1392105458.0,4
1392105458.0,1392105458.0,3
1392105459.0,1392105459.0,"4,3"
1392105459.0,1392105459.0,4
1392105459.0,1392105459.0,3
1392105460.0,1392105460.0,"4,3"
1392105460.0,1392105460.0,4
1392105460.0,1392105460.0,3
1392105461.0,1392105461.0,"4,3"
1392105461.0,1392105461.0,4
1392105461.0,1392105461.0,3
1392105462.0,1392105462.0,"4,3"
1392105462.0,1392105462.0,4
1392105462.0,1392105462.0,3
1392105463.0,1392105463.0,"4,3"
1392105463.0,1392105463.0,4
1392105463.0,1392105463.0,3
1392105464.0,1392105464.0,"4,3"
1392105464.0,1392105464.0,4
1392105464.0,1392105464.0,3
1392105465.0,1392105465.0,"4,3"
1392105465.0,1392105465.0,4
1392105465.0,1392105465.0,3
1392105466.0,1392105466.0,"4,3"
1392105466.0,1392105466.0,4
1392105466.0,1392105466.0,3
1392105467.0,1392105467.0,"4,3"
1392105467.0,1392105467.0,4
1392105467.0,1392105467.0,3
1392105468.0,1392105468.0,"4,3"
1392105468.0,1392105468.0,4
1392105468.0,1392105468.0,3
1392105469.0,1392105469.0,"4,3"
1392105469.0,1392105469.0,4
1392105469.0,1392105469.0,3
1392105470.0,1392105470.0,"4,3"
1392105470.0,1392105470.0,4
1392105470.0,1392105470.0,3
1392105471.0,1392105471.0,"4,3"
1392105471.0,1392105471.0,4
1392105471.0,1392105471.0,3
1392105472.0,1392105472.0,"4,3"
1392105472.0,1392105472.0,4
1392105472.0,1392105472.0,3
1392105473.0,1392105473.0,"4,3"
1392105473.0,1392105473.0,4
1392105473.0,1392105473.0,3
1392105474.0,1392105474.0,"4,3"
1392105474.0,1392105474.0,4
1392105474.0,1392105474.0,3
1392105475.0,1392105475.0,"4,3"
1392105475.0,1392105475.0,4
1392105475.0,1392105475.0,3
1392105476.0,1392105476.0,"4,3"
1392105476.0,1392105476.0,4
1392105476.0,1392105476.0,3
1392105477.0,1392105477.0,"4,3"
1392105477.0,1392105477.0,4
1392105477.0,1392105477.0,3
1392105478.0,1392105478.0,"4,3"
1392105478.0,1392105478.0,4
1392105478.0,1392105478.0,3
1392105479.0,1392105479.0,"4,3"
1392105479.0,1392105479.0,4
1392105479.0,1392105479.0,3
1392105480.0,1392105480.0,"4,3"
1392105480.0,1392105480.0,4
1392105480.0,1392105480.0,3
1392105481.0,1392105481.0,"4,3"
1392105481.0,1392105481.0,4
1392105481.0,1392105481.0,3
1392105482.0,1392105482.0,"4,3"
1392105482.0,1392105482.0,4
1392105482.0,1392105482.0,3
1392105483.0,1392105483.0,"4,3"
1392105483.0,1392105483.0,4
1392105483.0,1392105483.0,3
1392105484.0,1392105484.0,"4,3"
1392105484.0,1392105484.0,4
1392105484.0,1392105484.0,3
1392105485.0,1392105485.0,"4,3"
1392105485.0,1392105485.0,4
1392105485.0,1392105485.0,3
1392105486.0,1392105486.0,"4,3"
1392105486.0,1392105486.0,4
1392105486.0,1392105486.0,3
1392105487.0,1392105487.0,"4,3"
1392105487.0,1392105487.0,4
1392105487.0,1392105487.0,3
1392105488.0,1392105488.0,"4,3"
1392105488.0,1392105488.0,4
1392105488.0,1392105488.0,3
1392105489.0,1392105489.0,"4,3"
1392105489.0,1392105489.0,4
1392105489.0,1392105489.0,3
1392105490.0,1392105490.0,"4,3"
1392105490.0,1392105490.0,4
1392105490.0,1392105490.0,3
1392105491.0,1392105491.0,"4,3"
1392105491.0,1392105491.0,4
1392105491.0,1392105491.0,3
1392105492.0,1392105492.0,"4,3"
1392105492.0,1392105492.0,4
1392105492.0,1392105492.0,3
1392105493.0,1392105493.0,"4,3"
1392105493.0,1392105493.0,4
1392105493.0,1392105493.0,3
1392105494.0,1392105494.0,"4,3"
1392105494.0,1392105494.0,4
1392105494.0,1392105494.0,3
1392105495.0,1392105495.0,"4,3"
1392105495.0,1392105495.0,4
1392105495.0,1392105495.0,3
1392105496.0,1392105496.0,"4,3"
1392105496.0,1392105496.0,4
1392105496.0,1392105496.0,3
1392105497.0,1392105497.0,"4,3"
1392105497.0,1392105497.0,4
1392105497.0,1392105497.0,3
1392105498.0,1392105498.0,"4,3"
1392105498.0,1392105498.0,4
1392105498.0,1392105498.0,3
1392105499.0,1392105499.0,"4,3"
1392105499.0,1392105499.0,4
1392105499.0,1392105499.0,3
1392105500.0,1392105500.0,"4,3"
1392105500.0,1392105500.0,4
1392105500.0,1392105500.0,3
1392105501.0,1392105501.0,"4,3"
1392105501.0,1392105501.0,4
1392105501.0,1392105501.0,3
1392105502.0,1392105502.0,"4,3"
1392105502.0,1392105502.0,4
1392105502.0,1392105502.0,3
1392105503.0,1392105503.0,"4,3"
1392105503.0,1392105503.0,4
1392105503.0,1392105503.0,3
1392105504.0,1392105504.0,"4,3"
1392105504.0,1392105504.0,4
1392105504.0,1392105504.0,3
1392105505.0,1392105505.0,"4,3"
1392105505.0,1392105505.0,4
1392105505.0,1392105505.0,3
1392105506.0,1392105506.0,"4,3"
1392105506.0,1392105506.0,4
1392105506.0,1392105506.0,3
1392105507.0,1392105507.0,"4,3"
1392105507.0,1392105507.0,4
1392105507.0,1392105507.0,3
1392105508.0,1392105508.0,"4,3"
1392105508.0,1392105508.0,4
1392105508.0,1392105508.0,3
1392105509.0,1392105509.0,"4,3"
1392105509.0,1392105509.0,4
1392105509.0,1392105509.0,3
1392105510.0,1392105510.0,"4,3"
1392105510.0,1392105510.0,4
1392105510.0,1392105510.0,3
1392105511.0,1392105511.0,"4,3"
1392105511.0,1392105511.0,4
1392105511.0,1392105511.0,3
1392105512.0,1392105512.0,"4,3"
1392105512.0,1392105512.0,4
1392105512.0,1392105512.0,3
1392105513.0,1392105513.0,"4,3"
1392105513.0,1392105513.0,4
1392105513.0,1392105513.0,3
1392105514.0,1392105514.0,"4,3"
1392105514.0,1392105514.0,4
1392105514.0,1392105514.0,3
1392105515.0,1392105515.0,"4,3"
1392105515.0,1392105515.0,4
1392105515.0,1392105515.0,3
1392105516.0,1392105516.0,"4,3"
1392105516.0,1392105516.0,4
1392105516.0,1392105516.0,3
1392105517.0,1392105517.0,"4,3"
1392105517.0,1392105517.0,4
1392105517.0,1392105517.0,3
1392105518.0,1392105518.0,"4,3"
1392105518.0,1392105518.0,4
1392105518.0,1392105518.0,3
1392105519.0,1392105519.0,"4,3"
1392105519.0,1392105519.0,4
1392105519.0,1392105519.0,3
1392105520.0,1392105520.0,"4,3"
1392105520.0,1392105520.0,4
1392105520.0,1392105520.0,3
1392105521.0,1392105521.0,"4,3"
1392105521.0,1392105521.0,4
1392105521.0,1392105521.0,3
1392105522.0,1392105522.0,"4,3"
1392105522.0,1392105522.0,4
1392105522.0,1392105522.0,3
1392105523.0,1392105523.0,"4,3"
1392105523.0,1392105523.0,4
1392105523.0,1392105523.0,3
1392105524.0,1392105524.0,"4,3"
1392105524.0,1392105524.0,4
1392105524.0,1392105524.0,3
1392105525.0,1392105525.0,"4,3"
1392105525.0,1392105525.0,4
1392105525.0,1392105525.0,3
1392105526.0,1392105526.0,"4,3"
1392105526.0,1392105526.0,4
1392105526.0,1392105526.0,3
1392105527.0,1392105527.0,"4,3"
1392105527.0,1392105527.0,4
1392105527.0,1392105527.0,3
1392105528.0,1392105528.0,"4,3"
1392105528.0,1392105528.0,4
1392105528.0,1392105528.0,3
1392105529.0,1392105529.0,"4,3"
1392105529.0,1392105529.0,4
1392105529.0,1392105529.0,3
1392105530.0,1392105530.0,"4,3"
1392105530.0,1392105530.0,4
1392105530.0,1392105530.0,3
1392105531.0,1392105531.0,"4,3"
1392105531.0,1392105531.0,4
1392105531.0,1392105531.0,3
1392105532.0,1392105532.0,"4,3"
1392105532.0,1392105532.0,4
1392105532.0,1392105532.0,3
1392105533.0,1392105533.0,"4,3"
1392105533.0,1392105533.0,4
1392105533.0,1392105533.0,3
1392105534.0,1392105534.0,"4,3"
1392105534.0,1392105534.0,4
1392105534.0,1392105534.0,3
1392105535.0,1392105535.0,"4,3"
1392105535.0,1392105535.0,4
1392105535.0,1392105535.0,3
1392105536.0,1392105536.0,"4,3"
1392105536.0,1392105536.0,4
1392105536.0,1392105536.0,3
1392105537.0,1392105537.0,"4,3"
1392105537.0,1392105537.0,4
1392105537.0,1392105537.0,3
1392105538.0,1392105538.0,"4,3"
1392105538.0,1392105538.0,4
1392105538.0,1392105538.0,3
1392105539.0,1392105539.0,"4,3"
1392105539.0,1392105539.0,4
1392105539.0,1392105539.0,3
1392105540.0,1392105540.0,"4,3"
1392105540.0,1392105540.0,4
1392105540.0,1392105540.0,3
1392105541.0,1392105541.0,"4,3"
1392105541.0,1392105541.0,4
1392105541.0,1392105541.0,3
1392105542.0,1392105542.0,"4,3"
1392105542.0,1392105542.0,4
1392105542.0,1392105542.0,3
1392105543.0,1392105543.0,"4,3"
1392105543.0,1392105543.0,4
1392105543.0,1392105543.0,3
1392105544.0,1392105544.0,"4,3"
1392105544.0,1392105544.0,4
1392105544.0,1392105544.0,3
1392105545.0,1392105545.0,"4,3"
1392105545.0,1392105545.0,4
1392105545.0,1392105545.0,3
1392105546.0,1392105546.0,"4,3"
1392105546.0,1392105546.0,4
1392105546.0,1392105546.0,3
1392105547.0,1392105547.0,"4,3"
1392105547.0,1392105547.0,4
1392105547.0,1392105547.0,3
1392105548.0,1392105548.0,"4,3"
1392105548.0,1392105548.0,4
1392105548.0,1392105548.0,3
1392105549.0,1392105549.0,"4,3"
1392105549.0,1392105549.0,4
1392105549.0,1392105549.0,3
1392105550.0,1392105550.0,"4,3"
1392105550.0,1392105550.0,4
1392105550.0,1392105550.0,3
1392105551.0,1392105551.0,"4,3"
1392105551.0,1392105551.0,4
1392105551.0,1392105551.0,3
1392105552.0,1392105552.0,"4,3"
1392105552.0,1392105552.0,4
1392105552.0,1392105552.0,3
1392105553.0,1392105553.0,"4,3"
1392105553.0,1392105553.0,4
1392105553.0,1392105553.0,3
1392105554.0,1392105554.0,"4,3"
1392105554.0,1392105554.0,4
1392105554.0,1392105554.0,3
1392105555.0,1392105555.0,"4,3"
1392105555.0,1392105555.0,4
1392105555.0,1392105555.0,3
1392105556.0,1392105556.0,"4,3"
1392105556.0,1392105556.0,4
1392105556.0,1392105556.0,3
1392105557.0,1392105557.0,"4,3"
1392105557.0,1392105557.0,4
1392105557.0,1392105557.0,3
1392105558.0,1392105558.0,"4,3"
1392105558.0,1392105558.0,4
1392105558.0,1392105558.0,3
1392105559.0,1392105559.0,"4,3"
1392105559.0,1392105559.0,4
1392105559.0,1392105559.0,3
1392105560.0,1392105560.0,"4,3"
1392105560.0,1392105560.0,4
1392105560.0,1392105560.0,3
1392105561.0,1392105561.0,"4,3"
1392105561.0,1392105561.0,4
1392105561.0,1392105561.0,3
1392105562.0,1392105562.0,"4,3"
1392105562.0,1392105562.0,4
1392105562.0,1392105562.0,3
1392105563.0,1392105563.0,"4,3"
1392105563.0,1392105563.0,4
1392105563.0,1392105563.0,3
1392105564.0,1392105564.0,"4,3"
1392105564.0,1392105564.0,4
1392105564.0,1392105564.0,3
1392105565.0,1392105565.0,"4,3"
1392105565.0,1392105565.0,4
1392105565.0,1392105565.0,3
1392105566.0,1392105566.0,"4,3"
1392105566.0,1392105566.0,4
1392105566.0,1392105566.0,3
1392105567.0,1392105567.0,"4,3"
1392105567.0,1392105567.0,4
1392105567.0,1392105567.0,3
1392105568.0,1392105568.0,"4,3"
1392105568.0,1392105568.0,4
1392105568.0,1392105568.0,3
1392105569.0,1392105569.0,"4,3"
1392105569.0,1392105569.0,4
1392105569.0,1392105569.0,3
1392105570.0,1392105570.0,"4,3"
1392105570.0,1392105570.0,4
1392105570.0,1392105570.0,3
1392105571.0,1392105571.0,"4,3"
1392105571.0,1392105571.0,4
1392105571.0,1392105571.0,3
1392105572.0,1392105572.0,"4,3"
1392105572.0,1392105572.0,4
1392105572.0,1392105572.0,3
1392105573.0,1392105573.0,"4,3"
1392105573.0,1392105573.0,4
1392105573.0,1392105573.0,3
1392105574.0,1392105574.0,"4,3"
1392105574.0,1392105574.0,4
1392105574.0,1392105574.0,3
1392105575.0,1392105575.0,"4,3"
1392105575.0,1392105575.0,4
1392105575.0,1392105575.0,3
1392105576.0,1392105576.0,"4,3"
1392105576.0,1392105576.0,4
1392105576.0,1392105576.0,3
1392105577.0,1392105577.0,"4,3"
1392105577.0,1392105577.0,4
1392105577.0,1392105577.0,3
1392105578.0,1392105578.0,"4,3"
1392105578.0,1392105578.0,4
1392105578.0,1392105578.0,3
1392105579.0,1392105579.0,"4,3"
1392105579.0,1392105579.0,4
1392105579.0,1392105579.0,3
1392105580.0,1392105580.0,"4,3"
1392105580.0,1392105580.0,4
1392105580.0,1392105580.0,3
1392105581.0,1392105581.0,"4,3"
1392105581.0,1392105581.0,4
1392105581.0,1392105581.0,3
1392105582.0,1392105582.0,"4,3"
1392105582.0,1392105582.0,4
1392105582.0,1392105582.0,3
1392105583.0,1392105583.0,"4,3"
1392105583.0,1392105583.0,4
1392105583.0,1392105583.0,3
1392105584.0,1392105584.0,"4,3"
1392105584.0,1392105584.0,4
1392105584.0,1392105584.0,3
1392105585.0,1392105585.0,"4,3"
1392105585.0,1392105585.0,4
1392105585.0,1392105585.0,3
1392105586.0,1392105586.0,"4,3"
1392105586.0,1392105586.0,4
1392105586.0,1392105586.0,3
1392105587.0,1392105587.0,"4,3"
1392105587.0,1392105587.0,4
1392105587.0,1392105587.0,3
1392105588.0,1392105588.0,"4,3"
1392105588.0,1392105588.0,4
1392105588.0,1392105588.0,3
1392105589.0,1392105589.0,"4,3"
1392105589.0,1392105589.0,4
1392105589.0,1392105589.0,3
1392105590.0,1392105590.0,"4,3"
1392105590.0,1392105590.0,4
1392105590.0,1392105590.0,3
1392105591.0,1392105591.0,"4,3"
1392105591.0,1392105591.0,4
1392105591.0,1392105591.0,3
1392105592.0,1392105592.0,"4,3"
1392105592.0,1392105592.0,4
1392105592.0,1392105592.0,3
1392105593.0,1392105593.0,"4,3"
1392105593.0,1392105593.0,4
1392105593.0,1392105593.0,3
1392105594.0,1392105594.0,"4,3"
1392105594.0,1392105594.0,4
1392105594.0,1392105594.0,3
1392105595.0,1392105595.0,"4,3"
1392105595.0,1392105595.0,4
1392105595.0,1392105595.0,3
1392105596.0,1392105596.0,"4,3"
1392105596.0,1392105596.0,4
1392105596.0,1392105596.0,3
1392105597.0,1392105597.0,"4,3"
1392105597.0,1392105597.0,4
1392105597.0,1392105597.0,3
1392105598.0,1392105598.0,"4,3"
1392105598.0,1392105598.0,4
1392105598.0,1392105598.0,3
1392105599.0,1392105599.0,"4,3"
1392105599.0,1392105599.0,4
1392105599.0,1392105599.0,3
1392105600.0,1392105600.0,"4,3"
1392105600.0,1392105600.0,4
1392105600.0,1392105600.0,3
1392105601.0,1392105601.0,"4,3"
1392105601.0,1392105601.0,4
1392105601.0,1392105601.0,3
1392105602.0,1392105602.0,"4,3"
1392105602.0,1392105602.0,4
1392105602.0,1392105602.0,3
1392105603.0,1392105603.0,"4,3"
1392105603.0,1392105603.0,4
1392105603.0,1392105603.0,3
1392105604.0,1392105604.0,"4,3"
1392105604.0,1392105604.0,4
1392105604.0,1392105604.0,3
1392105605.0,1392105605.0,"4,3"
1392105605.0,1392105605.0,4
1392105605.0,1392105605.0,3
1392105606.0,1392105606.0,"4,3"
1392105606.0,1392105606.0,4
1392105606.0,1392105606.0,3
1392105607.0,1392105607.0,"4,3"
1392105607.0,1392105607.0,4
1392105607.0,1392105607.0,3
1392105608.0,1392105608.0,"4,3"
1392105608.0,1392105608.0,4
1392105608.0,1392105608.0,3
1392105609.0,1392105609.0,"4,3"
1392105609.0,1392105609.0,4
1392105609.0,1392105609.0,3
1392105610.0,1392105610.0,"4,3"
1392105610.0,1392105610.0,4
1392105610.0,1392105610.0,3
1392105611.0,1392105611.0,"4,3"
1392105611.0,1392105611.0,4
1392105611.0,1392105611.0,3
1392105612.0,1392105612.0,"4,3"
1392105612.0,1392105612.0,4
1392105612.0,1392105612.0,3
1392105613.0,1392105613.0,"4,3"
1392105613.0,1392105613.0,4
1392105613.0,1392105613.0,3
1392105614.0,1392105614.0,"4,3"
1392105614.0,1392105614.0,4
1392105614.0,1392105614.0,3
1392105615.0,1392105615.0,"4,3"
1392105615.0,1392105615.0,4
1392105615.0,1392105615.0,3
1392105616.0,1392105616.0,"4,3"
1392105616.0,1392105616.0,4
1392105616.0,1392105616.0,3
1392105617.0,1392105617.0,"4,3"
1392105617.0,1392105617.0,4
1392105617.0,1392105617.0,3
1392105618.0,1392105618.0,"4,3"
1392105618.0,1392105618.0,4
1392105618.0,1392105618.0,3
1392105619.0,1392105619.0,"4,3"
1392105619.0,1392105619.0,4
1392105619.0,1392105619.0,3
1392105620.0,1392105620.0,"4,3"
1392105620.0,1392105620.0,4
1392105620.0,1392105620.0,3
1392105621.0,1392105621.0,"4,3"
1392105621.0,1392105621.0,4
1392105621.0,1392105621.0,3
1392105622.0,1392105622.0,"4,3"
1392105622.0,1392105622.0,4
1392105622.0,1392105622.0,3
1392105623.0,1392105623.0,"4,3"
1392105623.0,1392105623.0,4
1392105623.0,1392105623.0,3
1392105624.0,1392105624.0,"4,3"
1392105624.0,1392105624.0,4
1392105624.0,1392105624.0,3
1392105625.0,1392105625.0,"4,3"
1392105625.0,1392105625.0,4
1392105625.0,1392105625.0,3
1392105626.0,1392105626.0,"4,3"
1392105626.0,1392105626.0,4
1392105626.0,1392105626.0,3
1392105627.0,1392105627.0,"4,3"
1392105627.0,1392105627.0,4
1392105627.0,1392105627.0,3
1392105628.0,1392105628.0,"4,3"
1392105628.0,1392105628.0,4
1392105628.0,1392105628.0,3
1392105629.0,1392105629.0,"4,3"
1392105629.0,1392105629.0,4
1392105629.0,1392105629.0,3
1392105630.0,1392105630.0,"4,3"
1392105630.0,1392105630.0,4
1392105630.0,1392105630.0,3
1392105631.0,1392105631.0,"4,3"
1392105631.0,1392105631.0,4
1392105631.0,1392105631.0,3
1392105632.0,1392105632.0,"4,3"
1392105632.0,1392105632.0,4
1392105632.0,1392105632.0,3
1392105633.0,1392105633.0,"4,3"
1392105633.0,1392105633.0,4
1392105633.0,1392105633.0,3
1392105634.0,1392105634.0,"4,3"
1392105634.0,1392105634.0,4
1392105634.0,1392105634.0,3
1392105635.0,1392105635.0,"4,3"
1392105635.0,1392105635.0,4
1392105635.0,1392105635.0,3
1392105636.0,1392105636.0,"4,3"
1392105636.0,1392105636.0,4
1392105636.0,1392105636.0,3
1392105637.0,1392105637.0,"4,3"
1392105637.0,1392105637.0,4
1392105637.0,1392105637.0,3
1392105638.0,1392105638.0,"4,3"
1392105638.0,1392105638.0,4
1392105638.0,1392105638.0,3
1392105639.0,1392105639.0,"4,3"
1392105639.0,1392105639.0,4
1392105639.0,1392105639.0,3
1392105640.0,1392105640.0,"4,3"
1392105640.0,1392105640.0,4
1392105640.0,1392105640.0,3
1392105641.0,1392105641.0,"4,3"
1392105641.0,1392105641.0,4
1392105641.0,1392105641.0,3
1392105642.0,1392105642.0,"4,3"
1392105642.0,1392105642.0,4
1392105642.0,1392105642.0,3
1392105643.0,1392105643.0,"4,3"
1392105643.0,1392105643.0,4
1392105643.0,1392105643.0,3
1392105644.0,1392105644.0,"4,3"
1392105644.0,1392105644.0,4
1392105644.0,1392105644.0,3
1392105645.0,1392105645.0,"4,3"
1392105645.0,1392105645.0,4
1392105645.0,1392105645.0,3
1392105646.0,1392105646.0,"4,3"
1392105646.0,1392105646.0,4
1392105646.0,1392105646.0,3
1392105647.0,1392105647.0,"4,3"
1392105647.0,1392105647.0,4
1392105647.0,1392105647.0,3
1392105648.0,1392105648.0,"4,3"
1392105648.0,1392105648.0,4
1392105648.0,1392105648.0,3
1392105649.0,1392105649.0,"4,3"
1392105649.0,1392105649.0,4
1392105649.0,1392105649.0,3
1392105650.0,1392105650.0,"4,3"
1392105650.0,1392105650.0,4
1392105650.0,1392105650.0,3
1392105651.0,1392105651.0,"4,3"
1392105651.0,1392105651.0,4
1392105651.0,1392105651.0,3
1392105652.0,1392105652.0,"4,3"
1392105652.0,1392105652.0,4
1392105652.0,1392105652.0,3
1392105653.0,1392105653.0,"4,3"
1392105653.0,1392105653.0,4
1392105653.0,1392105653.0,3
1392105654.0,1392105654.0,"4,3"
1392105654.0,1392105654.0,4
1392105654.0,1392105654.0,3
1392105655.0,1392105655.0,"4,3"
1392105655.0,1392105655.0,4
1392105655.0,1392105655.0,3
1392105656.0,1392105656.0,"4,3"
1392105656.0,1392105656.0,4
1392105656.0,1392105656.0,3
1392105657.0,1392105657.0,"4,3"
1392105657.0,1392105657.0,4
1392105657.0,1392105657.0,3
1392105658.0,1392105658.0,"4,3"
1392105658.0,1392105658.0,4
1392105658.0,1392105658.0,3
1392105659.0,1392105659.0,"4,3"
1392105659.0,1392105659.0,4
1392105659.0,1392105659.0,3
1392105660.0,1392105660.0,"4,3"
1392105660.0,1392105660.0,4
1392105660.0,1392105660.0,3
1392105661.0,1392105661.0,"4,3"
1392105661.0,1392105661.0,4
1392105661.0,1392105661.0,3
1392105662.0,1392105662.0,"4,3"
1392105662.0,1392105662.0,4
1392105662.0,1392105662.0,3
1392105663.0,1392105663.0,"4,3"
1392105663.0,1392105663.0,4
1392105663.0,1392105663.0,3
1392105664.0,1392105664.0,"4,3"
1392105664.0,1392105664.0,4
1392105664.0,1392105664.0,3
1392105665.0,1392105665.0,"4,3"
1392105665.0,1392105665.0,4
1392105665.0,1392105665.0,3
1392105666.0,1392105666.0,"4,3"
1392105666.0,1392105666.0,4
1392105666.0,1392105666.0,3
1392105667.0,1392105667.0,"4,3"
1392105667.0,1392105667.0,4
1392105667.0,1392105667.0,3
1392105668.0,1392105668.0,"4,3"
1392105668.0,1392105668.0,4
1392105668.0,1392105668.0,3
1392105669.0,1392105669.0,"4,3"
1392105669.0,1392105669.0,4
1392105669.0,1392105669.0,3
1392105670.0,1392105670.0,"4,3"
1392105670.0,1392105670.0,4
1392105670.0,1392105670.0,3
1392105671.0,1392105671.0,"4,3"
1392105671.0,1392105671.0,4
1392105671.0,1392105671.0,3
1392105672.0,1392105672.0,"4,3"
1392105672.0,1392105672.0,4
1392105672.0,1392105672.0,3
1392105673.0,1392105673.0,"4,3"
1392105673.0,1392105673.0,4
1392105673.0,1392105673.0,3
1392105674.0,1392105674.0,"4,3"
1392105674.0,1392105674.0,4
1392105674.0,1392105674.0,3
1392105675.0,1392105675.0,"4,3"
1392105675.0,1392105675.0,4
1392105675.0,1392105675.0,3
1392105676.0,1392105676.0,"4,3"
1392105676.0,1392105676.0,4
1392105676.0,1392105676.0,3
1392105677.0,1392105677.0,"4,3"
1392105677.0,1392105677.0,4
1392105677.0,1392105677.0,3
1392105678.0,1392105678.0,"4,3"
1392105678.0,1392105678.0,4
1392105678.0,1392105678.0,3
1392105679.0,1392105679.0,"4,3"
1392105679.0,1392105679.0,4
1392105679.0,1392105679.0,3
1392105680.0,1392105680.0,"4,3"
1392105680.0,1392105680.0,4
1392105680.0,1392105680.0,3
1392105681.0,1392105681.0,"4,3"
1392105681.0,1392105681.0,4
1392105681.0,1392105681.0,3
1392105682.0,1392105682.0,"4,3"
1392105682.0,1392105682.0,4
1392105682.0,1392105682.0,3
1392105683.0,1392105683.0,"4,3"
1392105683.0,1392105683.0,4
1392105683.0,1392105683.0,3
1392105684.0,1392105684.0,"4,3"
1392105684.0,1392105684.0,4
1392105684.0,1392105684.0,3
1392105685.0,1392105685.0,"4,3"
1392105685.0,1392105685.0,4
1392105685.0,1392105685.0,3
1392105686.0,1392105686.0,"4,3"
1392105686.0,1392105686.0,4
1392105686.0,1392105686.0,3
1392105687.0,1392105687.0,"4,3"
1392105687.0,1392105687.0,4
1392105687.0,1392105687.0,3
1392105688.0,1392105688.0,"4,3"
1392105688.0,1392105688.0,4
1392105688.0,1392105688.0,3
1392105689.0,1392105689.0,"4,3"
1392105689.0,1392105689.0,4
1392105689.0,1392105689.0,3
1392105690.0,1392105690.0,"4,3"
1392105690.0,1392105690.0,4
1392105690.0,1392105690.0,3
1392105691.0,1392105691.0,"4,3"
1392105691.0,1392105691.0,4
1392105691.0,1392105691.0,3
1392105692.0,1392105692.0,"4,3"
1392105692.0,1392105692.0,4
1392105692.0,1392105692.0,3
1392105693.0,1392105693.0,"4,3"
1392105693.0,1392105693.0,4
1392105693.0,1392105693.0,3
1392105694.0,1392105694.0,"4,3"
1392105694.0,1392105694.0,4
1392105694.0,1392105694.0,3
1392105695.0,1392105695.0,"4,3"
1392105695.0,1392105695.0,4
1392105695.0,1392105695.0,3
1392105696.0,1392105696.0,"4,3"
1392105696.0,1392105696.0,4
1392105696.0,1392105696.0,3
1392105697.0,1392105697.0,"4,3"
1392105697.0,1392105697.0,4
1392105697.0,1392105697.0,3
1392105698.0,1392105698.0,"4,3"
1392105698.0,1392105698.0,4
1392105698.0,1392105698.0,3
1392105699.0,1392105699.0,"4,3"
1392105699.0,1392105699.0,4
1392105699.0,1392105699.0,3
1392105700.0,1392105700.0,"4,3"
1392105700.0,1392105700.0,4
1392105700.0,1392105700.0,3
1392105701.0,1392105701.0,"4,3"
1392105701.0,1392105701.0,4
1392105701.0,1392105701.0,3
1392105702.0,1392105702.0,"4,3"
1392105702.0,1392105702.0,4
1392105702.0,1392105702.0,3
1392105703.0,1392105703.0,"4,3"
1392105703.0,1392105703.0,4
1392105703.0,1392105703.0,3
1392105704.0,1392105704.0,"4,3"
1392105704.0,1392105704.0,4
1392105704.0,1392105704.0,3
1392105705.0,1392105705.0,"4,3"
1392105705.0,1392105705.0,4
1392105705.0,1392105705.0,3
1392105706.0,1392105706.0,"4,3"
1392105706.0,1392105706.0,4
1392105706.0,1392105706.0,3
1392105707.0,1392105707.0,"4,3"
1392105707.0,1392105707.0,4
1392105707.0,1392105707.0,3
1392105708.0,1392105708.0,"4,3"
1392105708.0,1392105708.0,4
1392105708.0,1392105708.0,3
1392105709.0,1392105709.0,"4,3"
1392105709.0,1392105709.0,4
1392105709.0,1392105709.0,3
1392105710.0,1392105710.0,"4,3"
1392105710.0,1392105710.0,4
1392105710.0,1392105710.0,3
1392105711.0,1392105711.0,"4,3"
1392105711.0,1392105711.0,4
1392105711.0,1392105711.0,3
1392105712.0,1392105712.0,"4,3"
1392105712.0,1392105712.0,4
1392105712.0,1392105712.0,3
1392105713.0,1392105713.0,"4,3"
1392105713.0,1392105713.0,4
1392105713.0,1392105713.0,3
1392105714.0,1392105714.0,"4,3"
1392105714.0,1392105714.0,4
1392105714.0,1392105714.0,3
1392105715.0,1392105715.0,"4,3"
1392105715.0,1392105715.0,4
1392105715.0,1392105715.0,3
1392105716.0,1392105716.0,"4,3"
1392105716.0,1392105716.0,4
1392105716.0,1392105716.0,3
1392105717.0,1392105717.0,"4,3"
1392105717.0,1392105717.0,4
1392105717.0,1392105717.0,3
1392105718.0,1392105718.0,"4,3"
1392105718.0,1392105718.0,4
1392105718.0,1392105718.0,3
1392105719.0,1392105719.0,"4,3"
1392105719.0,1392105719.0,4
1392105719.0,1392105719.0,3
1392105720.0,1392105720.0,"4,3"
1392105720.0,1392105720.0,4
1392105720.0,1392105720.0,3
1392105721.0,1392105721.0,"4,3"
1392105721.0,1392105721.0,4
1392105721.0,1392105721.0,3
1392105722.0,1392105722.0,"4,3"
1392105722.0,1392105722.0,4
1392105722.0,1392105722.0,3
1392105723.0,1392105723.0,"4,3"
1392105723.0,1392105723.0,4
1392105723.0,1392105723.0,3
1392105724.0,1392105724.0,"4,3"
1392105724.0,1392105724.0,4
1392105724.0,1392105724.0,3
1392105725.0,1392105725.0,"4,3"
1392105725.0,1392105725.0,4
1392105725.0,1392105725.0,3
1392105726.0,1392105726.0,"4,3"
1392105726.0,1392105726.0,4
1392105726.0,1392105726.0,3
1392105727.0,1392105727.0,"4,3"
1392105727.0,1392105727.0,4
1392105727.0,1392105727.0,3
1392105728.0,1392105728.0,"4,3"
1392105728.0,1392105728.0,4
1392105728.0,1392105728.0,3
1392105729.0,1392105729.0,"4,3"
1392105729.0,1392105729.0,4
1392105729.0,1392105729.0,3
1392105730.0,1392105730.0,"4,3"
1392105730.0,1392105730.0,4
1392105730.0,1392105730.0,3
1392105731.0,1392105731.0,"4,3"
1392105731.0,1392105731.0,4
1392105731.0,1392105731.0,3
1392105732.0,1392105732.0,"4,3"
1392105732.0,1392105732.0,4
1392105732.0,1392105732.0,3
1392105733.0,1392105733.0,"4,3"
1392105733.0,1392105733.0,4
1392105733.0,1392105733.0,3
1392105734.0,1392105734.0,"4,3"
1392105734.0,1392105734.0,4
1392105734.0,1392105734.0,3
1392105735.0,1392105735.0,"4,3"
1392105735.0,1392105735.0,4
1392105735.0,1392105735.0,3
1392105736.0,1392105736.0,"4,3"
1392105736.0,1392105736.0,4
1392105736.0,1392105736.0,3
1392105737.0,1392105737.0,"4,3"
1392105737.0,1392105737.0,4
1392105737.0,1392105737.0,3
1392105738.0,1392105738.0,"4,3"
1392105738.0,1392105738.0,4
1392105738.0,1392105738.0,3
1392105739.0,1392105739.0,"4,3"
1392105739.0,1392105739.0,4
1392105739.0,1392105739.0,3
1392105740.0,1392105740.0,"4,3"
1392105740.0,1392105740.0,4
1392105740.0,1392105740.0,3
1392105741.0,1392105741.0,"4,3"
1392105741.0,1392105741.0,4
1392105741.0,1392105741.0,3
1392105742.0,1392105742.0,"4,3"
1392105742.0,1392105742.0,4
1392105742.0,1392105742.0,3
1392105743.0,1392105743.0,"4,3"
1392105743.0,1392105743.0,4
1392105743.0,1392105743.0,3
1392105744.0,1392105744.0,"4,3"
1392105744.0,1392105744.0,4
1392105744.0,1392105744.0,3
1392105745.0,1392105745.0,"4,3"
1392105745.0,1392105745.0,4
1392105745.0,1392105745.0,3
1392105746.0,1392105746.0,"4,3"
1392105746.0,1392105746.0,4
1392105746.0,1392105746.0,3
1392105747.0,1392105747.0,"4,3"
1392105747.0,1392105747.0,4
1392105747.0,1392105747.0,3
1392105748.0,1392105748.0,"4,3"
1392105748.0,1392105748.0,4
1392105748.0,1392105748.0,3
1392105749.0,1392105749.0,"4,3"
1392105749.0,1392105749.0,4
1392105749.0,1392105749.0,3
1392105750.0,1392105750.0,"4,3"
1392105750.0,1392105750.0,4
1392105750.0,1392105750.0,3
1392105751.0,1392105751.0,"4,3"
1392105751.0,1392105751.0,4
1392105751.0,1392105751.0,3
1392105752.0,1392105752.0,"4,3"
1392105752.0,1392105752.0,4
1392105752.0,1392105752.0,3
1392105753.0,1392105753.0,"4,3"
1392105753.0,1392105753.0,4
1392105753.0,1392105753.0,3
1392105754.0,1392105754.0,"4,3"
1392105754.0,1392105754.0,4
1392105754.0,1392105754.0,3
1392105755.0,1392105755.0,"4,3"
1392105755.0,1392105755.0,4
1392105755.0,1392105755.0,3
1392105756.0,1392105756.0,"4,3"
1392105756.0,1392105756.0,4
1392105756.0,1392105756.0,3
1392105757.0,1392105757.0,"4,3"
1392105757.0,1392105757.0,4
1392105757.0,1392105757.0,3
1392105758.0,1392105758.0,"4,3"
1392105758.0,1392105758.0,4
1392105758.0,1392105758.0,3
1392105759.0,1392105759.0,"4,3"
1392105759.0,1392105759.0,4
1392105759.0,1392105759.0,3
1392105760.0,1392105760.0,"4,3"
1392105760.0,1392105760.0,4
1392105760.0,1392105760.0,3
1392105761.0,1392105761.0,"4,3"
1392105761.0,1392105761.0,4
1392105761.0,1392105761.0,3
1392105762.0,1392105762.0,"4,3"
1392105762.0,1392105762.0,4
1392105762.0,1392105762.0,3
1392105763.0,1392105763.0,"4,3"
1392105763.0,1392105763.0,4
1392105763.0,1392105763.0,3
1392105764.0,1392105764.0,"4,3"
1392105764.0,1392105764.0,4
1392105764.0,1392105764.0,3
1392105765.0,1392105765.0,"4,3"
1392105765.0,1392105765.0,4
1392105765.0,1392105765.0,3
1392105766.0,1392105766.0,"4,3"
1392105766.0,1392105766.0,4
1392105766.0,1392105766.0,3
1392105767.0,1392105767.0,"4,3"
1392105767.0,1392105767.0,4
1392105767.0,1392105767.0,3
1392105768.0,1392105768.0,"4,3"
1392105768.0,1392105768.0,4
1392105768.0,1392105768.0,3
1392105769.0,1392105769.0,"4,3"
1392105769.0,1392105769.0,4
1392105769.0,1392105769.0,3
1392105770.0,1392105770.0,"4,3"
1392105770.0,1392105770.0,4
1392105770.0,1392105770.0,3
1392105771.0,1392105771.0,"4,3"
1392105771.0,1392105771.0,4
1392105771.0,1392105771.0,3
1392105772.0,1392105772.0,"4,3"
1392105772.0,1392105772.0,4
1392105772.0,1392105772.0,3
1392105773.0,1392105773.0,"4,3"
1392105773.0,1392105773.0,4
1392105773.0,1392105773.0,3
1392105774.0,1392105774.0,"4,3"
1392105774.0,1392105774.0,4
1392105774.0,1392105774.0,3
1392105775.0,1392105775.0,"4,3"
1392105775.0,1392105775.0,4
1392105775.0,1392105775.0,3
1392105776.0,1392105776.0,"4,3"
1392105776.0,1392105776.0,4
1392105776.0,1392105776.0,3
1392105777.0,1392105777.0,"4,3"
1392105777.0,1392105777.0,4
1392105777.0,1392105777.0,3
1392105778.0,1392105778.0,"4,3"
1392105778.0,1392105778.0,4
1392105778.0,1392105778.0,3
1392105779.0,1392105779.0,"4,3"
1392105779.0,1392105779.0,4
1392105779.0,1392105779.0,3
1392105780.0,1392105780.0,"4,3"
1392105780.0,1392105780.0,4
1392105780.0,1392105780.0,3
1392105781.0,1392105781.0,"4,3"
1392105781.0,1392105781.0,4
1392105781.0,1392105781.0,3
1392105782.0,1392105782.0,"4,3"
1392105782.0,1392105782.0,4
1392105782.0,1392105782.0,3
1392105783.0,1392105783.0,"4,3"
1392105783.0,1392105783.0,4
1392105783.0,1392105783.0,3
1392105784.0,1392105784.0,"4,3"
1392105784.0,1392105784.0,4
1392105784.0,1392105784.0,3
1392105785.0,1392105785.0,"4,3"
1392105785.0,1392105785.0,4
1392105785.0,1392105785.0,3
1392105786.0,1392105786.0,"4,3"
1392105786.0,1392105786.0,4
1392105786.0,1392105786.0,3
1392105787.0,1392105787.0,"4,3"
1392105787.0,1392105787.0,4
1392105787.0,1392105787.0,3
1392105788.0,1392105788.0,"4,3"
1392105788.0,1392105788.0,4
1392105788.0,1392105788.0,3
1392105789.0,1392105789.0,"4,3"
1392105789.0,1392105789.0,4
1392105789.0,1392105789.0,3
1392105790.0,1392105790.0,"4,3"
1392105790.0,1392105790.0,4
1392105790.0,1392105790.0,3
1392105791.0,1392105791.0,"4,3"
1392105791.0,1392105791.0,4
1392105791.0,1392105791.0,3
1392105792.0,1392105792.0,"4,3"
1392105792.0,1392105792.0,4
1392105792.0,1392105792.0,3
1392105793.0,1392105793.0,"4,3"
1392105793.0,1392105793.0,4
1392105793.0,1392105793.0,3
1392105794.0,1392105794.0,"4,3"
1392105794.0,1392105794.0,4
1392105794.0,1392105794.0,3
1392105795.0,1392105795.0,"4,3"
1392105795.0,1392105795.0,4
1392105795.0,1392105795.0,3
1392105796.0,1392105796.0,"4,3"
1392105796.0,1392105796.0,4
1392105796.0,1392105796.0,3
1392105797.0,1392105797.0,"4,3"
1392105797.0,1392105797.0,4
1392105797.0,1392105797.0,3
1392105798.0,1392105798.0,"4,3"
1392105798.0,1392105798.0,4
1392105798.0,1392105798.0,3
1392105799.0,1392105799.0,"4,3"
1392105799.0,1392105799.0,4
1392105799.0,1392105799.0,3
1392105800.0,1392105800.0,"4,3"
1392105800.0,1392105800.0,4
1392105800.0,1392105800.0,3
1392105801.0,1392105801.0,"4,3"
1392105801.0,1392105801.0,4
1392105801.0,1392105801.0,3
1392105802.0,1392105802.0,"4,3"
1392105802.0,1392105802.0,4
1392105802.0,1392105802.0,3
1392105803.0,1392105803.0,"4,3"
1392105803.0,1392105803.0,4
1392105803.0,1392105803.0,3
1392105804.0,1392105804.0,"4,3"
1392105804.0,1392105804.0,4
1392105804.0,1392105804.0,3
1392105805.0,1392105805.0,"4,3"
1392105805.0,1392105805.0,4
1392105805.0,1392105805.0,3
1392105806.0,1392105806.0,"4,3"
1392105806.0,1392105806.0,4
1392105806.0,1392105806.0,3
1392105807.0,1392105807.0,"4,3"
1392105807.0,1392105807.0,4
1392105807.0,1392105807.0,3
1392105808.0,1392105808.0,"4,3"
1392105808.0,1392105808.0,4
1392105808.0,1392105808.0,3
1392105809.0,1392105809.0,"4,3"
1392105809.0,1392105809.0,4
1392105809.0,1392105809.0,3
1392105810.0,1392105810.0,"4,3"
1392105810.0,1392105810.0,4
1392105810.0,1392105810.0,3
1392105811.0,1392105811.0,"4,3"
1392105811.0,1392105811.0,4
1392105811.0,1392105811.0,3
1392105812.0,1392105812.0,"4,3"
1392105812.0,1392105812.0,4
1392105812.0,1392105812.0,3
1392105813.0,1392105813.0,"4,3"
1392105813.0,1392105813.0,4
1392105813.0,1392105813.0,3
1392105814.0,1392105814.0,"4,3"
1392105814.0,1392105814.0,4
1392105814.0,1392105814.0,3
1392105815.0,1392105815.0,"4,3"
1392105815.0,1392105815.0,4
1392105815.0,1392105815.0,3
1392105816.0,1392105816.0,"4,3"
1392105816.0,1392105816.0,4
1392105816.0,1392105816.0,3
1392105817.0,1392105817.0,"4,3"
1392105817.0,1392105817.0,4
1392105817.0,1392105817.0,3
1392105818.0,1392105818.0,"4,3"
1392105818.0,1392105818.0,4
1392105818.0,1392105818.0,3
1392105819.0,1392105819.0,"4,3"
1392105819.0,1392105819.0,4
1392105819.0,1392105819.0,3
1392105820.0,1392105820.0,"4,3"
1392105820.0,1392105820.0,4
1392105820.0,1392105820.0,3
1392105821.0,1392105821.0,"4,3"
1392105821.0,1392105821.0,4
1392105821.0,1392105821.0,3
1392105822.0,1392105822.0,"4,3"
1392105822.0,1392105822.0,4
1392105822.0,1392105822.0,3
1392105823.0,1392105823.0,"4,3"
1392105823.0,1392105823.0,4
1392105823.0,1392105823.0,3
1392105824.0,1392105824.0,"4,3"
1392105824.0,1392105824.0,4
1392105824.0,1392105824.0,3
1392105825.0,1392105825.0,"4,3"
1392105825.0,1392105825.0,4
1392105825.0,1392105825.0,3
1392105826.0,1392105826.0,"4,3"
1392105826.0,1392105826.0,4
1392105826.0,1392105826.0,3
1392105827.0,1392105827.0,"4,3"
1392105827.0,1392105827.0,4
1392105827.0,1392105827.0,3
1392105828.0,1392105828.0,"4,3"
1392105828.0,1392105828.0,4
1392105828.0,1392105828.0,3
1392105829.0,1392105829.0,"4,3"
1392105829.0,1392105829.0,4
1392105829.0,1392105829.0,3
1392105830.0,1392105830.0,"4,3"
1392105830.0,1392105830.0,4
1392105830.0,1392105830.0,3
1392105831.0,1392105831.0,"4,3"
1392105831.0,1392105831.0,4
1392105831.0,1392105831.0,3
1392105832.0,1392105832.0,"4,3"
1392105832.0,1392105832.0,4
1392105832.0,1392105832.0,3
1392105833.0,1392105833.0,"4,3"
1392105833.0,1392105833.0,4
1392105833.0,1392105833.0,3
1392105834.0,1392105834.0,"4,3"
1392105834.0,1392105834.0,4
1392105834.0,1392105834.0,3
1392105835.0,1392105835.0,"4,3"
1392105835.0,1392105835.0,4
1392105835.0,1392105835.0,3
1392105836.0,1392105836.0,"4,3"
1392105836.0,1392105836.0,4
1392105836.0,1392105836.0,3
1392105837.0,1392105837.0,"4,3"
1392105837.0,1392105837.0,4
1392105837.0,1392105837.0,3
1392105838.0,1392105838.0,"4,3"
1392105838.0,1392105838.0,4
1392105838.0,1392105838.0,3
1392105839.0,1392105839.0,"4,3"
1392105839.0,1392105839.0,4
1392105839.0,1392105839.0,3
1392105840.0,1392105840.0,"4,3"
1392105840.0,1392105840.0,4
1392105840.0,1392105840.0,3
1392105841.0,1392105841.0,"4,3"
1392105841.0,1392105841.0,4
1392105841.0,1392105841.0,3
1392105842.0,1392105842.0,"4,3"
1392105842.0,1392105842.0,4
1392105842.0,1392105842.0,3
1392105843.0,1392105843.0,"4,3"
1392105843.0,1392105843.0,4
1392105843.0,1392105843.0,3
1392105844.0,1392105844.0,"4,3"
1392105844.0,1392105844.0,4
1392105844.0,1392105844.0,3
1392105845.0,1392105845.0,"4,3"
1392105845.0,1392105845.0,4
1392105845.0,1392105845.0,3
1392105846.0,1392105846.0,"4,3"
1392105846.0,1392105846.0,4
1392105846.0,1392105846.0,3
1392105847.0,1392105847.0,"4,3"
1392105847.0,1392105847.0,4
1392105847.0,1392105847.0,3
1392105848.0,1392105848.0,"4,3"
1392105848.0,1392105848.0,4
1392105848.0,1392105848.0,3
1392105849.0,1392105849.0,"4,3"
1392105849.0,1392105849.0,4
1392105849.0,1392105849.0,3
1392105850.0,1392105850.0,"4,3"
1392105850.0,1392105850.0,4
1392105850.0,1392105850.0,3
1392105851.0,1392105851.0,"4,3"
1392105851.0,1392105851.0,4
1392105851.0,1392105851.0,3
1392105852.0,1392105852.0,"4,3"
1392105852.0,1392105852.0,4
1392105852.0,1392105852.0,3
1392105853.0,1392105853.0,"4,3"
1392105853.0,1392105853.0,4
1392105853.0,1392105853.0,3
1392105854.0,1392105854.0,"4,3"
1392105854.0,1392105854.0,4
1392105854.0,1392105854.0,3
1392105855.0,1392105855.0,"4,3"
1392105855.0,1392105855.0,4
1392105855.0,1392105855.0,3
1392105856.0,1392105856.0,"4,3"
1392105856.0,1392105856.0,4
1392105856.0,1392105856.0,3
1392105857.0,1392105857.0,"4,3"
1392105857.0,1392105857.0,4
1392105857.0,1392105857.0,3
1392105858.0,1392105858.0,"4,3"
1392105858.0,1392105858.0,4
1392105858.0,1392105858.0,3
1392105859.0,1392105859.0,"4,3"
1392105859.0,1392105859.0,4
1392105859.0,1392105859.0,3
1392105860.0,1392105860.0,"4,3"
1392105860.0,1392105860.0,4
1392105860.0,1392105860.0,3
1392105861.0,1392105861.0,"4,3"
1392105861.0,1392105861.0,4
1392105861.0,1392105861.0,3
1392105862.0,1392105862.0,"4,3"
1392105862.0,1392105862.0,4
1392105862.0,1392105862.0,3
1392105863.0,1392105863.0,"4,3"
1392105863.0,1392105863.0,4
1392105863.0,1392105863.0,3
1392105864.0,1392105864.0,"4,3"
1392105864.0,1392105864.0,4
1392105864.0,1392105864.0,3
1392105865.0,1392105865.0,"4,3"
1392105865.0,1392105865.0,4
1392105865.0,1392105865.0,3
1392105866.0,1392105866.0,"4,3"
1392105866.0,1392105866.0,4
1392105866.0,1392105866.0,3
1392105867.0,1392105867.0,"4,3"
1392105867.0,1392105867.0,4
1392105867.0,1392105867.0,3
1392105868.0,1392105868.0,"4,3"
1392105868.0,1392105868.0,4
1392105868.0,1392105868.0,3
1392105869.0,1392105869.0,"4,3"
1392105869.0,1392105869.0,4
1392105869.0,1392105869.0,3
1392105870.0,1392105870.0,"4,3"
1392105870.0,1392105870.0,4
1392105870.0,1392105870.0,3
1392105871.0,1392105871.0,"4,3"
1392105871.0,1392105871.0,4
1392105871.0,1392105871.0,3
1392105872.0,1392105872.0,"4,3"
1392105872.0,1392105872.0,4
1392105872.0,1392105872.0,3
1392105873.0,1392105873.0,"4,3"
1392105873.0,1392105873.0,4
1392105873.0,1392105873.0,3
1392105874.0,1392105874.0,"4,3"
1392105874.0,1392105874.0,4
1392105874.0,1392105874.0,3
1392105875.0,1392105875.0,"4,3"
1392105875.0,1392105875.0,4
1392105875.0,1392105875.0,3
1392105876.0,1392105876.0,"4,3"
1392105876.0,1392105876.0,4
1392105876.0,1392105876.0,3
1392105877.0,1392105877.0,"4,3"
1392105877.0,1392105877.0,4
1392105877.0,1392105877.0,3
1392105878.0,1392105878.0,"4,3"
1392105878.0,1392105878.0,4
1392105878.0,1392105878.0,3
1392105879.0,1392105879.0,"4,3"
1392105879.0,1392105879.0,4
1392105879.0,1392105879.0,3
1392105880.0,1392105880.0,"4,3"
1392105880.0,1392105880.0,4
1392105880.0,1392105880.0,3
1392105881.0,1392105881.0,"4,3"
1392105881.0,1392105881.0,4
1392105881.0,1392105881.0,3
1392105882.0,1392105882.0,"4,3"
1392105882.0,1392105882.0,4
1392105882.0,1392105882.0,3
1392105883.0,1392105883.0,"4,3"
1392105883.0,1392105883.0,4
1392105883.0,1392105883.0,3
1392105884.0,1392105884.0,"4,3"
1392105884.0,1392105884.0,4
1392105884.0,1392105884.0,3
1392105885.0,1392105885.0,"4,3"
1392105885.0,1392105885.0,4
1392105885.0,1392105885.0,3
1392105886.0,1392105886.0,"4,3"
1392105886.0,1392105886.0,4
1392105886.0,1392105886.0,3
1392105887.0,1392105887.0,"4,3"
1392105887.0,1392105887.0,4
1392105887.0,1392105887.0,3
1392105888.0,1392105888.0,"4,3"
1392105888.0,1392105888.0,4
1392105888.0,1392105888.0,3
1392105889.0,1392105889.0,"4,3"
1392105889.0,1392105889.0,4
1392105889.0,1392105889.0,3
1392105890.0,1392105890.0,"4,3"
1392105890.0,1392105890.0,4
1392105890.0,1392105890.0,3
1392105891.0,1392105891.0,"4,3"
1392105891.0,1392105891.0,4
1392105891.0,1392105891.0,3
1392105892.0,1392105892.0,"4,3"
1392105892.0,1392105892.0,4
1392105892.0,1392105892.0,3
1392105893.0,1392105893.0,"4,3"
1392105893.0,1392105893.0,4
1392105893.0,1392105893.0,3
1392105894.0,1392105894.0,"4,3"
1392105894.0,1392105894.0,4
1392105894.0,1392105894.0,3
1392105895.0,1392105895.0,"4,3"
1392105895.0,1392105895.0,4
1392105895.0,1392105895.0,3
1392105896.0,1392105896.0,"4,3"
1392105896.0,1392105896.0,4
1392105896.0,1392105896.0,3
1392105897.0,1392105897.0,"4,3"
1392105897.0,1392105897.0,4
1392105897.0,1392105897.0,3
1392105898.0,1392105898.0,"4,3"
1392105898.0,1392105898.0,4
1392105898.0,1392105898.0,3
1392105899.0,1392105899.0,"4,3"
1392105899.0,1392105899.0,4
1392105899.0,1392105899.0,3
1392105900.0,1392105900.0,"4,3"
1392105900.0,1392105900.0,4
1392105900.0,1392105900.0,3
1392105901.0,1392105901.0,"4,3"
1392105901.0,1392105901.0,4
1392105901.0,1392105901.0,3
1392105902.0,1392105902.0,"4,3"
1392105902.0,1392105902.0,4
1392105902.0,1392105902.0,3
1392105903.0,1392105903.0,"4,3"
1392105903.0,1392105903.0,4
1392105903.0,1392105903.0,3
1392105904.0,1392105904.0,"4,3"
1392105904.0,1392105904.0,4
1392105904.0,1392105904.0,3
1392105905.0,1392105905.0,"4,3"
1392105905.0,1392105905.0,4
1392105905.0,1392105905.0,3
1392105906.0,1392105906.0,"4,3"
1392105906.0,1392105906.0,4
1392105906.0,1392105906.0,3
1392105907.0,1392105907.0,"4,3"
1392105907.0,1392105907.0,4
1392105907.0,1392105907.0,3
1392105908.0,1392105908.0,"4,3"
1392105908.0,1392105908.0,4
1392105908.0,1392105908.0,3
1392105909.0,1392105909.0,"4,3"
1392105909.0,1392105909.0,4
1392105909.0,1392105909.0,3
1392105910.0,1392105910.0,"4,3"
1392105910.0,1392105910.0,4
1392105910.0,1392105910.0,3
1392105911.0,1392105911.0,"4,3"
1392105911.0,1392105911.0,4
1392105911.0,1392105911.0,3
1392105912.0,1392105912.0,"4,3"
1392105912.0,1392105912.0,4
1392105912.0,1392105912.0,3
1392105913.0,1392105913.0,"4,3"
1392105913.0,1392105913.0,4
1392105913.0,1392105913.0,3
1392105914.0,1392105914.0,"4,3"
1392105914.0,1392105914.0,4
1392105914.0,1392105914.0,3
1392105915.0,1392105915.0,"4,3"
1392105915.0,1392105915.0,4
1392105915.0,1392105915.0,3
1392105916.0,1392105916.0,"4,3"
1392105916.0,1392105916.0,4
1392105916.0,1392105916.0,3
1392105917.0,1392105917.0,"4,3"
1392105917.0,1392105917.0,4
1392105917.0,1392105917.0,3
1392105918.0,1392105918.0,"4,3"
1392105918.0,1392105918.0,4
1392105918.0,1392105918.0,3
1392105919.0,1392105919.0,"4,3"
1392105919.0,1392105919.0,4
1392105919.0,1392105919.0,3
1392105920.0,1392105920.0,"4,3"
1392105920.0,1392105920.0,4
1392105920.0,1392105920.0,3
1392105921.0,1392105921.0,"4,3"
1392105921.0,1392105921.0,4
1392105921.0,1392105921.0,3
1392105922.0,1392105922.0,"4,3"
1392105922.0,1392105922.0,4
1392105922.0,1392105922.0,3
1392105923.0,1392105923.0,"4,3"
1392105923.0,1392105923.0,4
1392105923.0,1392105923.0,3
1392105924.0,1392105924.0,"4,3"
1392105924.0,1392105924.0,4
1392105924.0,1392105924.0,3
1392105925.0,1392105925.0,"4,3"
1392105925.0,1392105925.0,4
1392105925.0,1392105925.0,3
1392105926.0,1392105926.0,"4,3"
1392105926.0,1392105926.0,4
1392105926.0,1392105926.0,3
1392105927.0,1392105927.0,"4,3"
1392105927.0,1392105927.0,4
1392105927.0,1392105927.0,3
1392105928.0,1392105928.0,"4,3"
1392105928.0,1392105928.0,4
1392105928.0,1392105928.0,3
1392105929.0,1392105929.0,"4,3"
1392105929.0,1392105929.0,4
1392105929.0,1392105929.0,3
1392105930.0,1392105930.0,"4,3"
1392105930.0,1392105930.0,4
1392105930.0,1392105930.0,3
1392105931.0,1392105931.0,"4,3"
1392105931.0,1392105931.0,4
1392105931.0,1392105931.0,3
1392105932.0,1392105932.0,"4,3"
1392105932.0,1392105932.0,4
1392105932.0,1392105932.0,3
1392105933.0,1392105933.0,"4,3"
1392105933.0,1392105933.0,4
1392105933.0,1392105933.0,3
1392105934.0,1392105934.0,"4,3"
1392105934.0,1392105934.0,4
1392105934.0,1392105934.0,3
1392105935.0,1392105935.0,"4,3"
1392105935.0,1392105935.0,4
1392105935.0,1392105935.0,3
1392105936.0,1392105936.0,"4,3"
1392105936.0,1392105936.0,4
1392105936.0,1392105936.0,3
1392105937.0,1392105937.0,"4,3"
1392105937.0,1392105937.0,4
1392105937.0,1392105937.0,3
1392105938.0,1392105938.0,"4,3"
1392105938.0,1392105938.0,4
1392105938.0,1392105938.0,3
1392105939.0,1392105939.0,"4,3"
1392105939.0,1392105939.0,4
1392105939.0,1392105939.0,3
1392105940.0,1392105940.0,"4,3"
1392105940.0,1392105940.0,4
1392105940.0,1392105940.0,3
1392105941.0,1392105941.0,"4,3"
1392105941.0,1392105941.0,4
1392105941.0,1392105941.0,3
1392105942.0,1392105942.0,"4,3"
1392105942.0,1392105942.0,4
1392105942.0,1392105942.0,3
1392105943.0,1392105943.0,"4,3"
1392105943.0,1392105943.0,4
1392105943.0,1392105943.0,3
1392105944.0,1392105944.0,"4,3"
1392105944.0,1392105944.0,4
1392105944.0,1392105944.0,3
1392105945.0,1392105945.0,"4,3"
1392105945.0,1392105945.0,4
1392105945.0,1392105945.0,3
1392105946.0,1392105946.0,"4,3"
1392105946.0,1392105946.0,4
1392105946.0,1392105946.0,3
1392105947.0,1392105947.0,"4,3"
1392105947.0,1392105947.0,4
1392105947.0,1392105947.0,3
1392105948.0,1392105948.0,"4,3"
1392105948.0,1392105948.0,4
1392105948.0,1392105948.0,3
1392105949.0,1392105949.0,"4,3"
1392105949.0,1392105949.0,4
1392105949.0,1392105949.0,3
1392105950.0,1392105950.0,"4,3"
1392105950.0,1392105950.0,4
1392105950.0,1392105950.0,3
1392105951.0,1392105951.0,"4,3"
1392105951.0,1392105951.0,4
1392105951.0,1392105951.0,3
1392105952.0,1392105952.0,"4,3"
1392105952.0,1392105952.0,4
1392105952.0,1392105952.0,3
1392105953.0,1392105953.0,"4,3"
1392105953.0,1392105953.0,4
1392105953.0,1392105953.0,3
1392105954.0,1392105954.0,"4,3"
1392105954.0,1392105954.0,4
1392105954.0,1392105954.0,3
1392105955.0,1392105955.0,"4,3"
1392105955.0,1392105955.0,4
1392105955.0,1392105955.0,3
1392105956.0,1392105956.0,"4,3"
1392105956.0,1392105956.0,4
1392105956.0,1392105956.0,3
1392105957.0,1392105957.0,"4,3"
1392105957.0,1392105957.0,4
1392105957.0,1392105957.0,3
1392105958.0,1392105958.0,"4,3"
1392105958.0,1392105958.0,4
1392105958.0,1392105958.0,3
1392105959.0,1392105959.0,"4,3"
1392105959.0,1392105959.0,4
1392105959.0,1392105959.0,3
1392105960.0,1392105960.0,"4,3"
1392105960.0,1392105960.0,4
1392105960.0,1392105960.0,3
1392105961.0,1392105961.0,"4,3"
1392105961.0,1392105961.0,4
1392105961.0,1392105961.0,3
1392105962.0,1392105962.0,"4,3"
1392105962.0,1392105962.0,4
1392105962.0,1392105962.0,3
1392105963.0,1392105963.0,"4,3"
1392105963.0,1392105963.0,4
1392105963.0,1392105963.0,3
1392105964.0,1392105964.0,"4,3"
1392105964.0,1392105964.0,4
1392105964.0,1392105964.0,3
1392105965.0,1392105965.0,"4,3"
1392105965.0,1392105965.0,4
1392105965.0,1392105965.0,3
1392105966.0,1392105966.0,"4,3"
1392105966.0,1392105966.0,4
1392105966.0,1392105966.0,3
1392105967.0,1392105967.0,"4,3"
1392105967.0,1392105967.0,4
1392105967.0,1392105967.0,3
1392105968.0,1392105968.0,"4,3"
1392105968.0,1392105968.0,4
1392105968.0,1392105968.0,3
1392105969.0,1392105969.0,"4,3"
1392105969.0,1392105969.0,4
1392105969.0,1392105969.0,3
1392105970.0,1392105970.0,"4,3"
1392105970.0,1392105970.0,4
1392105970.0,1392105970.0,3
1392105971.0,1392105971.0,"4,3"
1392105971.0,1392105971.0,4
1392105971.0,1392105971.0,3
1392105972.0,1392105972.0,"4,3"
1392105972.0,1392105972.0,4
1392105972.0,1392105972.0,3
1392105973.0,1392105973.0,"4,3"
1392105973.0,1392105973.0,4
1392105973.0,1392105973.0,3
1392105974.0,1392105974.0,"4,3"
1392105974.0,1392105974.0,4
1392105974.0,1392105974.0,3
1392105975.0,1392105975.0,"4,3"
1392105975.0,1392105975.0,4
1392105975.0,1392105975.0,3
1392105976.0,1392105976.0,"4,3"
1392105976.0,1392105976.0,4
1392105976.0,1392105976.0,3
1392105977.0,1392105977.0,"4,3"
1392105977.0,1392105977.0,4
1392105977.0,1392105977.0,3
1392105978.0,1392105978.0,"4,3"
1392105978.0,1392105978.0,4
1392105978.0,1392105978.0,3
1392105979.0,1392105979.0,"4,3"
1392105979.0,1392105979.0,4
1392105979.0,1392105979.0,3
1392105980.0,1392105980.0,"4,3"
1392105980.0,1392105980.0,4
1392105980.0,1392105980.0,3
1392105981.0,1392105981.0,"4,3"
1392105981.0,1392105981.0,4
1392105981.0,1392105981.0,3
1392105982.0,1392105982.0,"4,3"
1392105982.0,1392105982.0,4
1392105982.0,1392105982.0,3
1392105983.0,1392105983.0,"4,3"
1392105983.0,1392105983.0,4
1392105983.0,1392105983.0,3
1392105984.0,1392105984.0,"4,3"
1392105984.0,1392105984.0,4
1392105984.0,1392105984.0,3
1392105985.0,1392105985.0,"4,3"
1392105985.0,1392105985.0,4
1392105985.0,1392105985.0,3
1392105986.0,1392105986.0,"4,3"
1392105986.0,1392105986.0,4
1392105986.0,1392105986.0,3
1392105987.0,1392105987.0,"4,3"
1392105987.0,1392105987.0,4
1392105987.0,1392105987.0,3
1392105988.0,1392105988.0,"4,3"
1392105988.0,1392105988.0,4
1392105988.0,1392105988.0,3
1392105989.0,1392105989.0,"4,3"
1392105989.0,1392105989.0,4
1392105989.0,1392105989.0,3
1392105990.0,1392105990.0,"4,3"
1392105990.0,1392105990.0,4
1392105990.0,1392105990.0,3
1392105991.0,1392105991.0,"4,3"
1392105991.0,1392105991.0,4
1392105991.0,1392105991.0,3
1392105992.0,1392105992.0,"4,3"
1392105992.0,1392105992.0,4
1392105992.0,1392105992.0,3
1392105993.0,1392105993.0,"4,3"
1392105993.0,1392105993.0,4
1392105993.0,1392105993.0,3
1392105994.0,1392105994.0,"4,3"
1392105994.0,1392105994.0,4
1392105994.0,1392105994.0,3
1392105995.0,1392105995.0,"4,3"
1392105995.0,1392105995.0,4
1392105995.0,1392105995.0,3
1392105996.0,1392105996.0,"4,3"
1392105996.0,1392105996.0,4
1392105996.0,1392105996.0,3
1392105997.0,1392105997.0,"4,3"
1392105997.0,1392105997.0,4
1392105997.0,1392105997.0,3
1392105998.0,1392105998.0,"4,3"
1392105998.0,1392105998.0,4
1392105998.0,1392105998.0,3
1392105999.0,1392105999.0,"4,3"
1392105999.0,1392105999.0,4
1392105999.0,1392105999.0,3
1392106000.0,1392106000.0,"4,3"
1392106000.0,1392106000.0,4
1392106000.0,1392106000.0,3
1392106001.0,1392106001.0,"4,3"
1392106001.0,1392106001.0,4
1392106001.0,1392106001.0,3
1392106002.0,1392106002.0,"4,3"
1392106002.0,1392106002.0,4
1392106002.0,1392106002.0,3
1392106003.0,1392106003.0,"4,3"
1392106003.0,1392106003.0,4
1392106003.0,1392106003.0,3
1392106004.0,1392106004.0,"4,3"
1392106004.0,1392106004.0,4
1392106004.0,1392106004.0,3
1392106005.0,1392106005.0,"4,3"
1392106005.0,1392106005.0,4
1392106005.0,1392106005.0,3
1392106006.0,1392106006.0,"4,3"
1392106006.0,1392106006.0,4
1392106006.0,1392106006.0,3
1392106007.0,1392106007.0,"4,3"
1392106007.0,1392106007.0,4
1392106007.0,1392106007.0,3
1392106008.0,1392106008.0,"4,3"
1392106008.0,1392106008.0,4
1392106008.0,1392106008.0,3
1392106009.0,1392106009.0,"4,3"
1392106009.0,1392106009.0,4
1392106009.0,1392106009.0,3
1392106010.0,1392106010.0,"4,3"
1392106010.0,1392106010.0,4
1392106010.0,1392106010.0,3
1392106011.0,1392106011.0,"4,3"
1392106011.0,1392106011.0,4
1392106011.0,1392106011.0,3
1392106012.0,1392106012.0,"4,3"
1392106012.0,1392106012.0,4
1392106012.0,1392106012.0,3
1392106013.0,1392106013.0,"4,3"
1392106013.0,1392106013.0,4
1392106013.0,1392106013.0,3
1392106014.0,1392106014.0,"4,3"
1392106014.0,1392106014.0,4
1392106014.0,1392106014.0,3
1392106015.0,1392106015.0,"4,3"
1392106015.0,1392106015.0,4
1392106015.0,1392106015.0,3
1392106016.0,1392106016.0,"4,3"
1392106016.0,1392106016.0,4
1392106016.0,1392106016.0,3
1392106017.0,1392106017.0,"4,3"
1392106017.0,1392106017.0,4
1392106017.0,1392106017.0,3
1392106018.0,1392106018.0,"4,3"
1392106018.0,1392106018.0,4
1392106018.0,1392106018.0,3
1392106019.0,1392106019.0,"4,3"
1392106019.0,1392106019.0,4
1392106019.0,1392106019.0,3
1392106020.0,1392106020.0,"4,3"
1392106020.0,1392106020.0,4
1392106020.0,1392106020.0,3
1392106021.0,1392106021.0,"4,3"
1392106021.0,1392106021.0,4
1392106021.0,1392106021.0,3
1392106022.0,1392106022.0,"4,3"
1392106022.0,1392106022.0,4
1392106022.0,1392106022.0,3
1392106023.0,1392106023.0,"4,3"
1392106023.0,1392106023.0,4
1392106023.0,1392106023.0,3
1392106024.0,1392106024.0,"4,3"
1392106024.0,1392106024.0,4
1392106024.0,1392106024.0,3
1392106025.0,1392106025.0,"4,3"
1392106025.0,1392106025.0,4
1392106025.0,1392106025.0,3
1392106026.0,1392106026.0,"4,3"
1392106026.0,1392106026.0,4
1392106026.0,1392106026.0,3
1392106027.0,1392106027.0,"4,3"
1392106027.0,1392106027.0,4
1392106027.0,1392106027.0,3
1392106028.0,1392106028.0,"4,3"
1392106028.0,1392106028.0,4
1392106028.0,1392106028.0,3
1392106029.0,1392106029.0,"4,3"
1392106029.0,1392106029.0,4
1392106029.0,1392106029.0,3
1392106030.0,1392106030.0,"4,3"
1392106030.0,1392106030.0,4
1392106030.0,1392106030.0,3
1392106031.0,1392106031.0,"4,3"
1392106031.0,1392106031.0,4
1392106031.0,1392106031.0,3
1392106032.0,1392106032.0,"4,3"
1392106032.0,1392106032.0,4
1392106032.0,1392106032.0,3
1392106033.0,1392106033.0,"4,3"
1392106033.0,1392106033.0,4
1392106033.0,1392106033.0,3
1392106034.0,1392106034.0,"4,3"
1392106034.0,1392106034.0,4
1392106034.0,1392106034.0,3
1392106035.0,1392106035.0,"4,3"
1392106035.0,1392106035.0,4
1392106035.0,1392106035.0,3
1392106036.0,1392106036.0,"4,3"
1392106036.0,1392106036.0,4
1392106036.0,1392106036.0,3
1392106037.0,1392106037.0,"4,3"
1392106037.0,1392106037.0,4
1392106037.0,1392106037.0,3
1392106038.0,1392106038.0,"4,3"
1392106038.0,1392106038.0,4
1392106038.0,1392106038.0,3
1392106039.0,1392106039.0,"4,3"
1392106039.0,1392106039.0,4
1392106039.0,1392106039.0,3
1392106040.0,1392106040.0,"4,3"
1392106040.0,1392106040.0,4
1392106040.0,1392106040.0,3
1392106041.0,1392106041.0,"4,3"
1392106041.0,1392106041.0,4
1392106041.0,1392106041.0,3
1392106042.0,1392106042.0,"4,3"
1392106042.0,1392106042.0,4
1392106042.0,1392106042.0,3
1392106043.0,1392106043.0,"4,3"
1392106043.0,1392106043.0,4
1392106043.0,1392106043.0,3
1392106044.0,1392106044.0,"4,3"
1392106044.0,1392106044.0,4
1392106044.0,1392106044.0,3
1392106045.0,1392106045.0,"4,3"
1392106045.0,1392106045.0,4
1392106045.0,1392106045.0,3
1392106046.0,1392106046.0,"4,3"
1392106046.0,1392106046.0,4
1392106046.0,1392106046.0,3
1392106047.0,1392106047.0,"4,3"
1392106047.0,1392106047.0,4
1392106047.0,1392106047.0,3
1392106048.0,1392106048.0,"4,3"
1392106048.0,1392106048.0,4
1392106048.0,1392106048.0,3
1392106049.0,1392106049.0,"4,3"
1392106049.0,1392106049.0,4
1392106049.0,1392106049.0,3
1392106050.0,1392106050.0,"4,3"
1392106050.0,1392106050.0,4
1392106050.0,1392106050.0,3
1392106051.0,1392106051.0,"4,3"
1392106051.0,1392106051.0,4
1392106051.0,1392106051.0,3
1392106052.0,1392106052.0,"4,3"
1392106052.0,1392106052.0,4
1392106052.0,1392106052.0,3
1392106053.0,1392106053.0,"4,3"
1392106053.0,1392106053.0,4
1392106053.0,1392106053.0,3
1392106054.0,1392106054.0,"4,3"
1392106054.0,1392106054.0,4
1392106054.0,1392106054.0,3
1392106055.0,1392106055.0,"4,3"
1392106055.0,1392106055.0,4
1392106055.0,1392106055.0,3
1392106056.0,1392106056.0,"4,3"
1392106056.0,1392106056.0,4
1392106056.0,1392106056.0,3
1392106057.0,1392106057.0,"4,3"
1392106057.0,1392106057.0,4
1392106057.0,1392106057.0,3
1392106058.0,1392106058.0,"4,3"
1392106058.0,1392106058.0,4
1392106058.0,1392106058.0,3
1392106059.0,1392106059.0,"4,3"
1392106059.0,1392106059.0,4
1392106059.0,1392106059.0,3
1392106060.0,1392106060.0,"4,3"
1392106060.0,1392106060.0,4
1392106060.0,1392106060.0,3
1392106061.0,1392106061.0,"4,3"
1392106061.0,1392106061.0,4
1392106061.0,1392106061.0,3
1392106062.0,1392106062.0,"4,3"
1392106062.0,1392106062.0,4
1392106062.0,1392106062.0,3
1392106063.0,1392106063.0,"4,3"
1392106063.0,1392106063.0,4
1392106063.0,1392106063.0,3
1392106064.0,1392106064.0,"4,3"
1392106064.0,1392106064.0,4
1392106064.0,1392106064.0,3
1392106065.0,1392106065.0,"4,3"
1392106065.0,1392106065.0,4
1392106065.0,1392106065.0,3
1392106066.0,1392106066.0,"4,3"
1392106066.0,1392106066.0,4
1392106066.0,1392106066.0,3
1392106067.0,1392106067.0,"4,3"
1392106067.0,1392106067.0,4
1392106067.0,1392106067.0,3
1392106068.0,1392106068.0,"4,3"
1392106068.0,1392106068.0,4
1392106068.0,1392106068.0,3
1392106069.0,1392106069.0,"4,3"
1392106069.0,1392106069.0,4
1392106069.0,1392106069.0,3
1392106070.0,1392106070.0,"4,3"
1392106070.0,1392106070.0,4
1392106070.0,1392106070.0,3
1392106071.0,1392106071.0,"4,3"
1392106071.0,1392106071.0,4
1392106071.0,1392106071.0,3
1392106072.0,1392106072.0,"4,3"
1392106072.0,1392106072.0,4
1392106072.0,1392106072.0,3
1392106073.0,1392106073.0,"4,3"
1392106073.0,1392106073.0,4
1392106073.0,1392106073.0,3
1392106074.0,1392106074.0,"4,3"
1392106074.0,1392106074.0,4
1392106074.0,1392106074.0,3
1392106075.0,1392106075.0,"4,3"
1392106075.0,1392106075.0,4
1392106075.0,1392106075.0,3
1392106076.0,1392106076.0,"4,3"
1392106076.0,1392106076.0,4
1392106076.0,1392106076.0,3
1392106077.0,1392106077.0,"4,3"
1392106077.0,1392106077.0,4
1392106077.0,1392106077.0,3
1392106078.0,1392106078.0,"4,3"
1392106078.0,1392106078.0,4
1392106078.0,1392106078.0,3
1392106079.0,1392106079.0,"4,3"
1392106079.0,1392106079.0,4
1392106079.0,1392106079.0,3
1392106080.0,1392106080.0,"4,3"
1392106080.0,1392106080.0,4
1392106080.0,1392106080.0,3
1392106081.0,1392106081.0,"4,3"
1392106081.0,1392106081.0,4
1392106081.0,1392106081.0,3
1392106082.0,1392106082.0,"4,3"
1392106082.0,1392106082.0,4
1392106082.0,1392106082.0,3
1392106083.0,1392106083.0,"4,3"
1392106083.0,1392106083.0,4
1392106083.0,1392106083.0,3
1392106084.0,1392106084.0,"4,3"
1392106084.0,1392106084.0,4
1392106084.0,1392106084.0,3
1392106085.0,1392106085.0,"4,3"
1392106085.0,1392106085.0,4
1392106085.0,1392106085.0,3
1392106086.0,1392106086.0,"4,3"
1392106086.0,1392106086.0,4
1392106086.0,1392106086.0,3
1392106087.0,1392106087.0,"4,3"
1392106087.0,1392106087.0,4
1392106087.0,1392106087.0,3
1392106088.0,1392106088.0,"4,3"
1392106088.0,1392106088.0,4
1392106088.0,1392106088.0,3
1392106089.0,1392106089.0,"4,3"
1392106089.0,1392106089.0,4
1392106089.0,1392106089.0,3
1392106090.0,1392106090.0,"4,3"
1392106090.0,1392106090.0,4
1392106090.0,1392106090.0,3
1392106091.0,1392106091.0,"4,3"
1392106091.0,1392106091.0,4
1392106091.0,1392106091.0,3
1392106092.0,1392106092.0,"4,3"
1392106092.0,1392106092.0,4
1392106092.0,1392106092.0,3
1392106093.0,1392106093.0,"4,3"
1392106093.0,1392106093.0,4
1392106093.0,1392106093.0,3
1392106094.0,1392106094.0,"4,3"
1392106094.0,1392106094.0,4
1392106094.0,1392106094.0,3
1392106095.0,1392106095.0,"4,3"
1392106095.0,1392106095.0,4
1392106095.0,1392106095.0,3
1392106096.0,1392106096.0,"4,3"
1392106096.0,1392106096.0,4
1392106096.0,1392106096.0,3
1392106097.0,1392106097.0,"4,3"
1392106097.0,1392106097.0,4
1392106097.0,1392106097.0,3
1392106098.0,1392106098.0,"4,3"
1392106098.0,1392106098.0,4
1392106098.0,1392106098.0,3
1392106099.0,1392106099.0,"4,3"
1392106099.0,1392106099.0,4
1392106099.0,1392106099.0,3
1392106100.0,1392106100.0,"4,3"
1392106100.0,1392106100.0,4
1392106100.0,1392106100.0,3
1392106101.0,1392106101.0,"4,3"
1392106101.0,1392106101.0,4
1392106101.0,1392106101.0,3
1392106102.0,1392106102.0,"4,3"
1392106102.0,1392106102.0,4
1392106102.0,1392106102.0,3
1392106103.0,1392106103.0,"4,3"
1392106103.0,1392106103.0,4
1392106103.0,1392106103.0,3
1392106104.0,1392106104.0,"4,3"
1392106104.0,1392106104.0,4
1392106104.0,1392106104.0,3
1392106105.0,1392106105.0,"4,3"
1392106105.0,1392106105.0,4
1392106105.0,1392106105.0,3
1392106106.0,1392106106.0,"4,3"
1392106106.0,1392106106.0,4
1392106106.0,1392106106.0,3
1392106107.0,1392106107.0,"4,3"
1392106107.0,1392106107.0,4
1392106107.0,1392106107.0,3
1392106108.0,1392106108.0,"4,3"
1392106108.0,1392106108.0,4
1392106108.0,1392106108.0,3
1392106109.0,1392106109.0,"4,3"
1392106109.0,1392106109.0,4
1392106109.0,1392106109.0,3
1392106110.0,1392106110.0,"4,3"
1392106110.0,1392106110.0,4
1392106110.0,1392106110.0,3
1392106111.0,1392106111.0,"4,3"
1392106111.0,1392106111.0,4
1392106111.0,1392106111.0,3
1392106112.0,1392106112.0,"4,3"
1392106112.0,1392106112.0,4
1392106112.0,1392106112.0,3
1392106113.0,1392106113.0,"4,3"
1392106113.0,1392106113.0,4
1392106113.0,1392106113.0,3
1392106114.0,1392106114.0,"4,3"
1392106114.0,1392106114.0,4
1392106114.0,1392106114.0,3
1392106115.0,1392106115.0,"4,3"
1392106115.0,1392106115.0,4
1392106115.0,1392106115.0,3
1392106116.0,1392106116.0,"4,3"
1392106116.0,1392106116.0,4
1392106116.0,1392106116.0,3
1392106117.0,1392106117.0,"4,3"
1392106117.0,1392106117.0,4
1392106117.0,1392106117.0,3
1392106118.0,1392106118.0,"4,3"
1392106118.0,1392106118.0,4
1392106118.0,1392106118.0,3
1392106119.0,1392106119.0,"4,3"
1392106119.0,1392106119.0,4
1392106119.0,1392106119.0,3
1392106120.0,1392106120.0,"4,3"
1392106120.0,1392106120.0,4
1392106120.0,1392106120.0,3
1392106121.0,1392106121.0,"4,3"
1392106121.0,1392106121.0,4
1392106121.0,1392106121.0,3
1392106122.0,1392106122.0,"4,3"
1392106122.0,1392106122.0,4
1392106122.0,1392106122.0,3
1392106123.0,1392106123.0,"4,3"
1392106123.0,1392106123.0,4
1392106123.0,1392106123.0,3
1392106124.0,1392106124.0,"4,3"
1392106124.0,1392106124.0,4
1392106124.0,1392106124.0,3
1392106125.0,1392106125.0,"4,3"
1392106125.0,1392106125.0,4
1392106125.0,1392106125.0,3
1392106126.0,1392106126.0,"4,3"
1392106126.0,1392106126.0,4
1392106126.0,1392106126.0,3
1392106127.0,1392106127.0,"4,3"
1392106127.0,1392106127.0,4
1392106127.0,1392106127.0,3
1392106128.0,1392106128.0,"4,3"
1392106128.0,1392106128.0,4
1392106128.0,1392106128.0,3
1392106129.0,1392106129.0,"4,3"
1392106129.0,1392106129.0,4
1392106129.0,1392106129.0,3
1392106130.0,1392106130.0,"4,3"
1392106130.0,1392106130.0,4
1392106130.0,1392106130.0,3
1392106131.0,1392106131.0,"4,3"
1392106131.0,1392106131.0,4
1392106131.0,1392106131.0,3
1392106132.0,1392106132.0,"4,3"
1392106132.0,1392106132.0,4
1392106132.0,1392106132.0,3
1392106133.0,1392106133.0,"4,3"
1392106133.0,1392106133.0,4
1392106133.0,1392106133.0,3
1392106134.0,1392106134.0,"4,3"
1392106134.0,1392106134.0,4
1392106134.0,1392106134.0,3
1392106135.0,1392106135.0,"4,3"
1392106135.0,1392106135.0,4
1392106135.0,1392106135.0,3
1392106136.0,1392106136.0,"4,3"
1392106136.0,1392106136.0,4
1392106136.0,1392106136.0,3
1392106137.0,1392106137.0,"4,3"
1392106137.0,1392106137.0,4
1392106137.0,1392106137.0,3
1392106138.0,1392106138.0,"4,3"
1392106138.0,1392106138.0,4
1392106138.0,1392106138.0,3
1392106139.0,1392106139.0,"4,3"
1392106139.0,1392106139.0,4
1392106139.0,1392106139.0,3
1392106140.0,1392106140.0,"4,3"
1392106140.0,1392106140.0,4
1392106140.0,1392106140.0,3
1392106141.0,1392106141.0,"4,3"
1392106141.0,1392106141.0,4
1392106141.0,1392106141.0,3
1392106142.0,1392106142.0,"4,3"
1392106142.0,1392106142.0,4
1392106142.0,1392106142.0,3
1392106143.0,1392106143.0,"4,3"
1392106143.0,1392106143.0,4
1392106143.0,1392106143.0,3
1392106144.0,1392106144.0,"4,3"
1392106144.0,1392106144.0,4
1392106144.0,1392106144.0,3
1392106145.0,1392106145.0,"4,3"
1392106145.0,1392106145.0,4
1392106145.0,1392106145.0,3
1392106146.0,1392106146.0,"4,3"
1392106146.0,1392106146.0,4
1392106146.0,1392106146.0,3
1392106147.0,1392106147.0,"4,3"
1392106147.0,1392106147.0,4
1392106147.0,1392106147.0,3
1392106148.0,1392106148.0,"4,3"
1392106148.0,1392106148.0,4
1392106148.0,1392106148.0,3
1392106149.0,1392106149.0,"4,3"
1392106149.0,1392106149.0,4
1392106149.0,1392106149.0,3
1392106150.0,1392106150.0,"4,3"
1392106150.0,1392106150.0,4
1392106150.0,1392106150.0,3
1392106151.0,1392106151.0,"4,3"
1392106151.0,1392106151.0,4
1392106151.0,1392106151.0,3
1392106152.0,1392106152.0,"4,3"
1392106152.0,1392106152.0,4
1392106152.0,1392106152.0,3
1392106153.0,1392106153.0,"4,3"
1392106153.0,1392106153.0,4
1392106153.0,1392106153.0,3
1392106154.0,1392106154.0,"4,3"
1392106154.0,1392106154.0,4
1392106154.0,1392106154.0,3
1392106155.0,1392106155.0,"4,3"
1392106155.0,1392106155.0,4
1392106155.0,1392106155.0,3
1392106156.0,1392106156.0,"4,3"
1392106156.0,1392106156.0,4
1392106156.0,1392106156.0,3
1392106157.0,1392106157.0,"4,3"
1392106157.0,1392106157.0,4
1392106157.0,1392106157.0,3
1392106158.0,1392106158.0,"4,3"
1392106158.0,1392106158.0,4
1392106158.0,1392106158.0,3
1392106159.0,1392106159.0,"4,3"
1392106159.0,1392106159.0,4
1392106159.0,1392106159.0,3
1392106160.0,1392106160.0,"4,3"
1392106160.0,1392106160.0,4
1392106160.0,1392106160.0,3
1392106161.0,1392106161.0,"4,3"
1392106161.0,1392106161.0,4
1392106161.0,1392106161.0,3
1392106162.0,1392106162.0,"4,3"
1392106162.0,1392106162.0,4
1392106162.0,1392106162.0,3
1392106163.0,1392106163.0,"4,3"
1392106163.0,1392106163.0,4
1392106163.0,1392106163.0,3
1392106164.0,1392106164.0,"4,3"
1392106164.0,1392106164.0,4
1392106164.0,1392106164.0,3
1392106165.0,1392106165.0,"4,3"
1392106165.0,1392106165.0,4
1392106165.0,1392106165.0,3
1392106166.0,1392106166.0,"4,3"
1392106166.0,1392106166.0,4
1392106166.0,1392106166.0,3
1392106167.0,1392106167.0,"4,3"
1392106167.0,1392106167.0,4
1392106167.0,1392106167.0,3
1392106168.0,1392106168.0,"4,3"
1392106168.0,1392106168.0,4
1392106168.0,1392106168.0,3
1392106169.0,1392106169.0,"4,3"
1392106169.0,1392106169.0,4
1392106169.0,1392106169.0,3
1392106170.0,1392106170.0,"4,3"
1392106170.0,1392106170.0,4
1392106170.0,1392106170.0,3
1392106171.0,1392106171.0,"4,3"
1392106171.0,1392106171.0,4
1392106171.0,1392106171.0,3
1392106172.0,1392106172.0,"4,3"
1392106172.0,1392106172.0,4
1392106172.0,1392106172.0,3
1392106173.0,1392106173.0,"4,3"
1392106173.0,1392106173.0,4
1392106173.0,1392106173.0,3
1392106174.0,1392106174.0,"4,3"
1392106174.0,1392106174.0,4
1392106174.0,1392106174.0,3
1392106175.0,1392106175.0,"4,3"
1392106175.0,1392106175.0,4
1392106175.0,1392106175.0,3
1392106176.0,1392106176.0,"4,3"
1392106176.0,1392106176.0,4
1392106176.0,1392106176.0,3
1392106177.0,1392106177.0,"4,3"
1392106177.0,1392106177.0,4
1392106177.0,1392106177.0,3
1392106178.0,1392106178.0,"4,3"
1392106178.0,1392106178.0,4
1392106178.0,1392106178.0,3
1392106179.0,1392106179.0,"4,3"
1392106179.0,1392106179.0,4
1392106179.0,1392106179.0,3
1392106180.0,1392106180.0,"4,3"
1392106180.0,1392106180.0,4
1392106180.0,1392106180.0,3
1392106181.0,1392106181.0,"4,3"
1392106181.0,1392106181.0,4
1392106181.0,1392106181.0,3
1392106182.0,1392106182.0,"4,3"
1392106182.0,1392106182.0,4
1392106182.0,1392106182.0,3
1392106183.0,1392106183.0,"4,3"
1392106183.0,1392106183.0,4
1392106183.0,1392106183.0,3
1392106184.0,1392106184.0,"4,3"
1392106184.0,1392106184.0,4
1392106184.0,1392106184.0,3
1392106185.0,1392106185.0,"4,3"
1392106185.0,1392106185.0,4
1392106185.0,1392106185.0,3
1392106186.0,1392106186.0,"4,3"
1392106186.0,1392106186.0,4
1392106186.0,1392106186.0,3
1392106187.0,1392106187.0,"4,3"
1392106187.0,1392106187.0,4
1392106187.0,1392106187.0,3
1392106188.0,1392106188.0,"4,3"
1392106188.0,1392106188.0,4
1392106188.0,1392106188.0,3
1392106189.0,1392106189.0,"4,3"
1392106189.0,1392106189.0,4
1392106189.0,1392106189.0,3
1392106190.0,1392106190.0,"4,3"
1392106190.0,1392106190.0,4
1392106190.0,1392106190.0,3
1392106191.0,1392106191.0,"4,3"
1392106191.0,1392106191.0,4
1392106191.0,1392106191.0,3
1392106192.0,1392106192.0,"4,3"
1392106192.0,1392106192.0,4
1392106192.0,1392106192.0,3
1392106193.0,1392106193.0,"4,3"
1392106193.0,1392106193.0,4
1392106193.0,1392106193.0,3
1392106194.0,1392106194.0,"4,3"
1392106194.0,1392106194.0,4
1392106194.0,1392106194.0,3
1392106195.0,1392106195.0,"4,3"
1392106195.0,1392106195.0,4
1392106195.0,1392106195.0,3
1392106196.0,1392106196.0,"4,3"
1392106196.0,1392106196.0,4
1392106196.0,1392106196.0,3
1392106197.0,1392106197.0,"4,3"
1392106197.0,1392106197.0,4
1392106197.0,1392106197.0,3
1392106198.0,1392106198.0,"4,3"
1392106198.0,1392106198.0,4
1392106198.0,1392106198.0,3
1392106199.0,1392106199.0,"4,3"
1392106199.0,1392106199.0,4
1392106199.0,1392106199.0,3
1392106200.0,1392106200.0,"4,3"
1392106200.0,1392106200.0,4
1392106200.0,1392106200.0,3
1392106201.0,1392106201.0,"4,3"
1392106201.0,1392106201.0,4
1392106201.0,1392106201.0,3
1392106202.0,1392106202.0,"4,3"
1392106202.0,1392106202.0,4
1392106202.0,1392106202.0,3
1392106203.0,1392106203.0,"4,3"
1392106203.0,1392106203.0,4
1392106203.0,1392106203.0,3
1392106204.0,1392106204.0,"4,3"
1392106204.0,1392106204.0,4
1392106204.0,1392106204.0,3
1392106205.0,1392106205.0,"4,3"
1392106205.0,1392106205.0,4
1392106205.0,1392106205.0,3
1392106206.0,1392106206.0,"4,3"
1392106206.0,1392106206.0,4
1392106206.0,1392106206.0,3
1392106207.0,1392106207.0,"4,3"
1392106207.0,1392106207.0,4
1392106207.0,1392106207.0,3
1392106208.0,1392106208.0,"4,3"
1392106208.0,1392106208.0,4
1392106208.0,1392106208.0,3
1392106209.0,1392106209.0,"4,3"
1392106209.0,1392106209.0,4
1392106209.0,1392106209.0,3
1392106210.0,1392106210.0,"4,3"
1392106210.0,1392106210.0,4
1392106210.0,1392106210.0,3
1392106211.0,1392106211.0,"4,3"
1392106211.0,1392106211.0,4
1392106211.0,1392106211.0,3
1392106212.0,1392106212.0,"4,3"
1392106212.0,1392106212.0,4
1392106212.0,1392106212.0,3
1392106213.0,1392106213.0,"4,3"
1392106213.0,1392106213.0,4
1392106213.0,1392106213.0,3
1392106214.0,1392106214.0,"4,3"
1392106214.0,1392106214.0,4
1392106214.0,1392106214.0,3
1392106215.0,1392106215.0,"4,3"
1392106215.0,1392106215.0,4
1392106215.0,1392106215.0,3
1392106216.0,1392106216.0,"4,3"
1392106216.0,1392106216.0,4
1392106216.0,1392106216.0,3
1392106217.0,1392106217.0,"4,3"
1392106217.0,1392106217.0,4
1392106217.0,1392106217.0,3
1392106218.0,1392106218.0,"4,3"
1392106218.0,1392106218.0,4
1392106218.0,1392106218.0,3
1392106219.0,1392106219.0,"4,3"
1392106219.0,1392106219.0,4
1392106219.0,1392106219.0,3
1392106220.0,1392106220.0,"4,3"
1392106220.0,1392106220.0,4
1392106220.0,1392106220.0,3
1392106221.0,1392106221.0,"4,3"
1392106221.0,1392106221.0,4
1392106221.0,1392106221.0,3
1392106222.0,1392106222.0,"4,3"
1392106222.0,1392106222.0,4
1392106222.0,1392106222.0,3
1392106223.0,1392106223.0,"4,3"
1392106223.0,1392106223.0,4
1392106223.0,1392106223.0,3
1392106224.0,1392106224.0,"4,3"
1392106224.0,1392106224.0,4
1392106224.0,1392106224.0,3
1392106225.0,1392106225.0,"4,3"
1392106225.0,1392106225.0,4
1392106225.0,1392106225.0,3
1392106226.0,1392106226.0,"4,3"
1392106226.0,1392106226.0,4
1392106226.0,1392106226.0,3
