1392098529.0,1392098529.0.1,1
1392098529.0,1392098529.0,"4,1"
1392098529.0,1392098529.0,1
1392098530.0,1392098530.0,"4,1"
1392098530.0,1392098530.0,1
1392098531.0,1392098531.0,"4,1"
1392098531.0,1392098531.0,1
1392098532.0,1392098532.0,"4,1"
1392098532.0,1392098532.0,1
1392098533.0,1392098533.0,"4,1"
1392098533.0,1392098533.0,1
1392098534.0,1392098534.0,"4,1"
1392098534.0,1392098534.0,1
1392098535.0,1392098535.0,"4,1"
1392098535.0,1392098535.0,1
1392098536.0,1392098536.0,"4,1"
1392098536.0,1392098536.0,1
1392098537.0,1392098537.0,"4,1"
1392098537.0,1392098537.0,1
1392098538.0,1392098538.0,"4,1"
1392098538.0,1392098538.0,1
1392098539.0,1392098539.0,"4,1"
1392098539.0,1392098539.0,1
1392098540.0,1392098540.0,"4,1"
1392098540.0,1392098540.0,1
1392098541.0,1392098541.0,"4,1"
1392098541.0,1392098541.0,1
1392098542.0,1392098542.0,"4,1"
1392098542.0,1392098542.0,1
1392098543.0,1392098543.0,"4,1"
1392098543.0,1392098543.0,1
1392098544.0,1392098544.0,"4,1"
1392098544.0,1392098544.0,1
1392098545.0,1392098545.0,"4,1"
1392098545.0,1392098545.0,1
1392098546.0,1392098546.0,"4,1"
1392098546.0,1392098546.0,1
1392098547.0,1392098547.0,"4,1"
1392098547.0,1392098547.0,1
1392098548.0,1392098548.0,"4,1"
1392098548.0,1392098548.0,1
1392098549.0,1392098549.0,"4,1"
1392098549.0,1392098549.0,1
1392098550.0,1392098550.0,"4,1"
1392098550.0,1392098550.0,1
1392098551.0,1392098551.0,"4,1"
1392098551.0,1392098551.0,1
1392098552.0,1392098552.0,"4,1"
1392098552.0,1392098552.0,1
1392098553.0,1392098553.0,"4,1"
1392098553.0,1392098553.0,1
1392098554.0,1392098554.0,"4,1"
1392098554.0,1392098554.0,1
1392098555.0,1392098555.0,"4,1"
1392098555.0,1392098555.0,1
1392098556.0,1392098556.0,"4,1"
1392098556.0,1392098556.0,1
1392098557.0,1392098557.0,"4,1"
1392098557.0,1392098557.0,1
1392098558.0,1392098558.0,"4,1"
1392098558.0,1392098558.0,1
1392098559.0,1392098559.0,"4,1"
1392098559.0,1392098559.0,1
1392098560.0,1392098560.0,"4,1"
1392098560.0,1392098560.0,1
1392098561.0,1392098561.0,"4,1"
1392098561.0,1392098561.0,1
1392098562.0,1392098562.0,"4,1"
1392098562.0,1392098562.0,1
1392098563.0,1392098563.0,"4,1"
1392098563.0,1392098563.0,1
1392098564.0,1392098564.0,"4,1"
1392098564.0,1392098564.0,1
1392098565.0,1392098565.0,"4,1"
1392098565.0,1392098565.0,1
1392098566.0,1392098566.0,"4,1"
1392098566.0,1392098566.0,1
1392098567.0,1392098567.0,"4,1"
1392098567.0,1392098567.0,1
1392098568.0,1392098568.0,"4,1"
1392098568.0,1392098568.0,1
1392098569.0,1392098569.0,"4,1"
1392098569.0,1392098569.0,1
1392098570.0,1392098570.0,"4,1"
1392098570.0,1392098570.0,1
1392098571.0,1392098571.0,"4,1"
1392098571.0,1392098571.0,1
1392098572.0,1392098572.0,"4,1"
1392098572.0,1392098572.0,1
1392098573.0,1392098573.0,"4,1"
1392098573.0,1392098573.0,1
1392098574.0,1392098574.0,"4,1"
1392098574.0,1392098574.0,1
1392098575.0,1392098575.0,"4,1"
1392098575.0,1392098575.0,1
1392098576.0,1392098576.0,"4,1"
1392098576.0,1392098576.0,1
1392098577.0,1392098577.0,"4,1"
1392098577.0,1392098577.0,1
1392098578.0,1392098578.0,"4,1"
1392098578.0,1392098578.0,1
1392098579.0,1392098579.0,"4,1"
1392098579.0,1392098579.0,1
1392098580.0,1392098580.0,"4,1"
1392098580.0,1392098580.0,1
1392098581.0,1392098581.0,"4,1"
1392098581.0,1392098581.0,1
1392098582.0,1392098582.0,"4,1"
1392098582.0,1392098582.0,1
1392098583.0,1392098583.0,"4,1"
1392098583.0,1392098583.0,1
1392098584.0,1392098584.0,"4,1"
1392098584.0,1392098584.0,1
1392098585.0,1392098585.0,"4,1"
1392098585.0,1392098585.0,1
1392098586.0,1392098586.0,"4,1"
1392098586.0,1392098586.0,1
1392098587.0,1392098587.0,"4,1"
1392098587.0,1392098587.0,1
1392098588.0,1392098588.0,"4,1"
1392098588.0,1392098588.0,1
1392098589.0,1392098589.0,"4,1"
1392098589.0,1392098589.0,1
1392098590.0,1392098590.0,"4,1"
1392098590.0,1392098590.0,1
1392098591.0,1392098591.0,"4,1"
1392098591.0,1392098591.0,1
1392098592.0,1392098592.0,"4,1"
1392098592.0,1392098592.0,1
1392098593.0,1392098593.0,"4,1"
1392098593.0,1392098593.0,1
1392098594.0,1392098594.0,"4,1"
1392098594.0,1392098594.0,1
1392098595.0,1392098595.0,"4,1"
1392098595.0,1392098595.0,1
1392098596.0,1392098596.0,"4,1"
1392098596.0,1392098596.0,1
1392098597.0,1392098597.0,"4,1"
1392098597.0,1392098597.0,1
1392098598.0,1392098598.0,"4,1"
1392098598.0,1392098598.0,1
1392098599.0,1392098599.0,"4,1"
1392098599.0,1392098599.0,1
1392098600.0,1392098600.0,"4,1"
1392098600.0,1392098600.0,1
1392098601.0,1392098601.0,"4,1"
1392098601.0,1392098601.0,1
1392098602.0,1392098602.0,"4,1"
1392098602.0,1392098602.0,1
1392098603.0,1392098603.0,"4,1"
1392098603.0,1392098603.0,1
1392098604.0,1392098604.0,"4,1"
1392098604.0,1392098604.0,1
1392098605.0,1392098605.0,"4,1"
1392098605.0,1392098605.0,1
1392098606.0,1392098606.0,"4,1"
1392098606.0,1392098606.0,1
1392098607.0,1392098607.0,"4,1"
1392098607.0,1392098607.0,1
1392098608.0,1392098608.0,"4,1"
1392098608.0,1392098608.0,1
1392098609.0,1392098609.0,"4,1"
1392098609.0,1392098609.0,1
1392098610.0,1392098610.0,"4,1"
1392098610.0,1392098610.0,1
1392098611.0,1392098611.0,"4,1"
1392098611.0,1392098611.0,1
1392098612.0,1392098612.0,"4,1"
1392098612.0,1392098612.0,1
1392098613.0,1392098613.0,"4,1"
1392098613.0,1392098613.0,1
1392098614.0,1392098614.0,"4,1"
1392098614.0,1392098614.0,1
1392098615.0,1392098615.0,"4,1"
1392098615.0,1392098615.0,1
1392098616.0,1392098616.0,"4,1"
1392098616.0,1392098616.0,1
1392098617.0,1392098617.0,"4,1"
1392098617.0,1392098617.0,1
1392098618.0,1392098618.0,"4,1"
1392098618.0,1392098618.0,1
1392098619.0,1392098619.0,"4,1"
1392098619.0,1392098619.0,1
1392098620.0,1392098620.0,"4,1"
1392098620.0,1392098620.0,1
1392098621.0,1392098621.0,"4,1"
1392098621.0,1392098621.0,1
1392098622.0,1392098622.0,"4,1"
1392098622.0,1392098622.0,1
1392098623.0,1392098623.0,"4,1"
1392098623.0,1392098623.0,1
1392098624.0,1392098624.0,"4,1"
1392098624.0,1392098624.0,1
1392098625.0,1392098625.0,"4,1"
1392098625.0,1392098625.0,1
1392098626.0,1392098626.0,"4,1"
1392098626.0,1392098626.0,1
1392098627.0,1392098627.0,"4,1"
1392098627.0,1392098627.0,1
1392098628.0,1392098628.0,"4,1"
1392098628.0,1392098628.0,1
1392098629.0,1392098629.0,"4,1"
1392098629.0,1392098629.0,1
1392098630.0,1392098630.0,"4,1"
1392098630.0,1392098630.0,1
1392098631.0,1392098631.0,"4,1"
1392098631.0,1392098631.0,1
1392098632.0,1392098632.0,"4,1"
1392098632.0,1392098632.0,1
1392098633.0,1392098633.0,"4,1"
1392098633.0,1392098633.0,1
1392098634.0,1392098634.0,"4,1"
1392098634.0,1392098634.0,1
1392098635.0,1392098635.0,"4,1"
1392098635.0,1392098635.0,1
1392098636.0,1392098636.0,"4,1"
1392098636.0,1392098636.0,1
1392098637.0,1392098637.0,"4,1"
1392098637.0,1392098637.0,1
1392098638.0,1392098638.0,"4,1"
1392098638.0,1392098638.0,1
1392098639.0,1392098639.0,"4,1"
1392098639.0,1392098639.0,1
1392098640.0,1392098640.0,"4,1"
1392098640.0,1392098640.0,1
1392098641.0,1392098641.0,"4,1"
1392098641.0,1392098641.0,1
1392098642.0,1392098642.0,"4,1"
1392098642.0,1392098642.0,1
1392098643.0,1392098643.0,"4,1"
1392098643.0,1392098643.0,1
1392098644.0,1392098644.0,"4,1"
1392098644.0,1392098644.0,1
1392098645.0,1392098645.0,"4,1"
1392098645.0,1392098645.0,1
1392098646.0,1392098646.0,"4,1"
1392098646.0,1392098646.0,1
1392098647.0,1392098647.0,"4,1"
1392098647.0,1392098647.0,1
1392098648.0,1392098648.0,"4,1"
1392098648.0,1392098648.0,1
1392098649.0,1392098649.0,"4,1"
1392098649.0,1392098649.0,1
1392098650.0,1392098650.0,"4,1"
1392098650.0,1392098650.0,1
1392098651.0,1392098651.0,"4,1"
1392098651.0,1392098651.0,1
1392098652.0,1392098652.0,"4,1"
1392098652.0,1392098652.0,1
1392098653.0,1392098653.0,"4,1"
1392098653.0,1392098653.0,1
1392098654.0,1392098654.0,"4,1"
1392098654.0,1392098654.0,1
1392098655.0,1392098655.0,"4,1"
1392098655.0,1392098655.0,1
1392098656.0,1392098656.0,"4,1"
1392098656.0,1392098656.0,1
1392098657.0,1392098657.0,"4,1"
1392098657.0,1392098657.0,1
1392098658.0,1392098658.0,"4,1"
1392098658.0,1392098658.0,1
1392098659.0,1392098659.0,"4,1"
1392098659.0,1392098659.0,1
1392098660.0,1392098660.0,"4,1"
1392098660.0,1392098660.0,1
1392098661.0,1392098661.0,"4,1"
1392098661.0,1392098661.0,1
1392098662.0,1392098662.0,"4,1"
1392098662.0,1392098662.0,1
1392098663.0,1392098663.0,"4,1"
1392098663.0,1392098663.0,1
1392098664.0,1392098664.0,"4,1"
1392098664.0,1392098664.0,1
1392098665.0,1392098665.0,"4,1"
1392098665.0,1392098665.0,1
1392098666.0,1392098666.0,"4,1"
1392098666.0,1392098666.0,1
1392098667.0,1392098667.0,"4,1"
1392098667.0,1392098667.0,1
1392098668.0,1392098668.0,"4,1"
1392098668.0,1392098668.0,1
1392098669.0,1392098669.0,"4,1"
1392098669.0,1392098669.0,1
1392098670.0,1392098670.0,"4,1"
1392098670.0,1392098670.0,1
1392098671.0,1392098671.0,"4,1"
1392098671.0,1392098671.0,1
1392098672.0,1392098672.0,"4,1"
1392098672.0,1392098672.0,1
1392098673.0,1392098673.0,"4,1"
1392098673.0,1392098673.0,1
1392098674.0,1392098674.0,"4,1"
1392098674.0,1392098674.0,1
1392098675.0,1392098675.0,"4,1"
1392098675.0,1392098675.0,1
1392098676.0,1392098676.0,"4,1"
1392098676.0,1392098676.0,1
1392098677.0,1392098677.0,"4,1"
1392098677.0,1392098677.0,1
1392098678.0,1392098678.0,"4,1"
1392098678.0,1392098678.0,1
1392098679.0,1392098679.0,"4,1"
1392098679.0,1392098679.0,1
1392098680.0,1392098680.0,"4,1"
1392098680.0,1392098680.0,1
1392098681.0,1392098681.0,"4,1"
1392098681.0,1392098681.0,1
1392098682.0,1392098682.0,"4,1"
1392098682.0,1392098682.0,1
1392098683.0,1392098683.0,"4,1"
1392098683.0,1392098683.0,1
1392098684.0,1392098684.0,"4,1"
1392098684.0,1392098684.0,1
1392098685.0,1392098685.0,"4,1"
1392098685.0,1392098685.0,1
1392098686.0,1392098686.0,"4,1"
1392098686.0,1392098686.0,1
1392098687.0,1392098687.0,"4,1"
1392098687.0,1392098687.0,1
1392098688.0,1392098688.0,"4,1"
1392098688.0,1392098688.0,1
1392098689.0,1392098689.0,"4,1"
1392098689.0,1392098689.0,1
1392098690.0,1392098690.0,"4,1"
1392098690.0,1392098690.0,1
1392098691.0,1392098691.0,"4,1"
1392098691.0,1392098691.0,1
1392098692.0,1392098692.0,"4,1"
1392098692.0,1392098692.0,1
1392098693.0,1392098693.0,"4,1"
1392098693.0,1392098693.0,1
1392098694.0,1392098694.0,"4,1"
1392098694.0,1392098694.0,1
1392098695.0,1392098695.0,"4,1"
1392098695.0,1392098695.0,1
1392098696.0,1392098696.0,"4,1"
1392098696.0,1392098696.0,1
1392098697.0,1392098697.0,"4,1"
1392098697.0,1392098697.0,1
1392098698.0,1392098698.0,"4,1"
1392098698.0,1392098698.0,1
1392098699.0,1392098699.0,"4,1"
1392098699.0,1392098699.0,1
1392098700.0,1392098700.0,"4,1"
1392098700.0,1392098700.0,1
1392098701.0,1392098701.0,"4,1"
1392098701.0,1392098701.0,1
1392098702.0,1392098702.0,"4,1"
1392098702.0,1392098702.0,1
1392098703.0,1392098703.0,"4,1"
1392098703.0,1392098703.0,1
1392098704.0,1392098704.0,"4,1"
1392098704.0,1392098704.0,1
1392098705.0,1392098705.0,"4,1"
1392098705.0,1392098705.0,1
1392098706.0,1392098706.0,"4,1"
1392098706.0,1392098706.0,1
1392098707.0,1392098707.0,"4,1"
1392098707.0,1392098707.0,1
1392098708.0,1392098708.0,"4,1"
1392098708.0,1392098708.0,1
1392098709.0,1392098709.0,"4,1"
1392098709.0,1392098709.0,1
1392098710.0,1392098710.0,"4,1"
1392098710.0,1392098710.0,1
1392098711.0,1392098711.0,"4,1"
1392098711.0,1392098711.0,1
1392098712.0,1392098712.0,"4,1"
1392098712.0,1392098712.0,1
1392098713.0,1392098713.0,"4,1"
1392098713.0,1392098713.0,1
1392098714.0,1392098714.0,"4,1"
1392098714.0,1392098714.0,1
1392098715.0,1392098715.0,"4,1"
1392098715.0,1392098715.0,1
1392098716.0,1392098716.0,"4,1"
1392098716.0,1392098716.0,1
1392098717.0,1392098717.0,"4,1"
1392098717.0,1392098717.0,1
1392098718.0,1392098718.0,"4,1"
1392098718.0,1392098718.0,1
1392098719.0,1392098719.0,"4,1"
1392098719.0,1392098719.0,1
1392098720.0,1392098720.0,"4,1"
1392098720.0,1392098720.0,1
1392098721.0,1392098721.0,"4,1"
1392098721.0,1392098721.0,1
1392098722.0,1392098722.0,"4,1"
1392098722.0,1392098722.0,1
1392098723.0,1392098723.0,"4,1"
1392098723.0,1392098723.0,1
1392098724.0,1392098724.0,"4,1"
1392098724.0,1392098724.0,1
1392098725.0,1392098725.0,"4,1"
1392098725.0,1392098725.0,1
1392098726.0,1392098726.0,"4,1"
1392098726.0,1392098726.0,1
1392098727.0,1392098727.0,"4,1"
1392098727.0,1392098727.0,1
1392098728.0,1392098728.0,"4,1"
1392098728.0,1392098728.0,1
1392098729.0,1392098729.0,"4,1"
1392098729.0,1392098729.0,1
1392098730.0,1392098730.0,"4,1"
1392098730.0,1392098730.0,1
1392098731.0,1392098731.0,"4,1"
1392098731.0,1392098731.0,1
1392098732.0,1392098732.0,"4,1"
1392098732.0,1392098732.0,1
1392098733.0,1392098733.0,"4,1"
1392098733.0,1392098733.0,1
1392098734.0,1392098734.0,"4,1"
1392098734.0,1392098734.0,1
1392098735.0,1392098735.0,"4,1"
1392098735.0,1392098735.0,1
1392098736.0,1392098736.0,"4,1"
1392098736.0,1392098736.0,1
1392098737.0,1392098737.0,"4,1"
1392098737.0,1392098737.0,1
1392098738.0,1392098738.0,"4,1"
1392098738.0,1392098738.0,1
1392098739.0,1392098739.0,"4,1"
1392098739.0,1392098739.0,1
1392098740.0,1392098740.0,"4,1"
1392098740.0,1392098740.0,1
1392098741.0,1392098741.0,"4,1"
1392098741.0,1392098741.0,1
1392098742.0,1392098742.0,"4,1"
1392098742.0,1392098742.0,1
1392098743.0,1392098743.0,"4,1"
1392098743.0,1392098743.0,1
1392098744.0,1392098744.0,"4,1"
1392098744.0,1392098744.0,1
1392098745.0,1392098745.0,"4,1"
1392098745.0,1392098745.0,1
1392098746.0,1392098746.0,"4,1"
1392098746.0,1392098746.0,1
1392098747.0,1392098747.0,"4,1"
1392098747.0,1392098747.0,1
1392098748.0,1392098748.0,"4,1"
1392098748.0,1392098748.0,1
1392098749.0,1392098749.0,"4,1"
1392098749.0,1392098749.0,1
1392098750.0,1392098750.0,"4,1"
1392098750.0,1392098750.0,1
1392098751.0,1392098751.0,"4,1"
1392098751.0,1392098751.0,1
1392098752.0,1392098752.0,"4,1"
1392098752.0,1392098752.0,1
1392098753.0,1392098753.0,"4,1"
1392098753.0,1392098753.0,1
1392098754.0,1392098754.0,"4,1"
1392098754.0,1392098754.0,1
1392098755.0,1392098755.0,"4,1"
1392098755.0,1392098755.0,1
1392098756.0,1392098756.0,"4,1"
1392098756.0,1392098756.0,1
1392098757.0,1392098757.0,"4,1"
1392098757.0,1392098757.0,1
1392098758.0,1392098758.0,"4,1"
1392098758.0,1392098758.0,1
1392098759.0,1392098759.0,"4,1"
1392098759.0,1392098759.0,1
1392098760.0,1392098760.0,"4,1"
1392098760.0,1392098760.0,1
1392098761.0,1392098761.0,"4,1"
1392098761.0,1392098761.0,1
1392098762.0,1392098762.0,"4,1"
1392098762.0,1392098762.0,1
1392098763.0,1392098763.0,"4,1"
1392098763.0,1392098763.0,1
1392098764.0,1392098764.0,"4,1"
1392098764.0,1392098764.0,1
1392098765.0,1392098765.0,"4,1"
1392098765.0,1392098765.0,1
1392098766.0,1392098766.0,"4,1"
1392098766.0,1392098766.0,1
1392098767.0,1392098767.0,"4,1"
1392098767.0,1392098767.0,1
1392098768.0,1392098768.0,"4,1"
1392098768.0,1392098768.0,1
1392098769.0,1392098769.0,"4,1"
1392098769.0,1392098769.0,1
1392098770.0,1392098770.0,"4,1"
1392098770.0,1392098770.0,1
1392098771.0,1392098771.0,"4,1"
1392098771.0,1392098771.0,1
1392098772.0,1392098772.0,"4,1"
1392098772.0,1392098772.0,1
1392098773.0,1392098773.0,"4,1"
1392098773.0,1392098773.0,1
1392098774.0,1392098774.0,"4,1"
1392098774.0,1392098774.0,1
1392098775.0,1392098775.0,"4,1"
1392098775.0,1392098775.0,1
1392098776.0,1392098776.0,"4,1"
1392098776.0,1392098776.0,1
1392098777.0,1392098777.0,"4,1"
1392098777.0,1392098777.0,1
1392098778.0,1392098778.0,"4,1"
1392098778.0,1392098778.0,1
1392098779.0,1392098779.0,"4,1"
1392098779.0,1392098779.0,1
1392098780.0,1392098780.0,"4,1"
1392098780.0,1392098780.0,1
1392098781.0,1392098781.0,"4,1"
1392098781.0,1392098781.0,1
1392098782.0,1392098782.0,"4,1"
1392098782.0,1392098782.0,1
1392098783.0,1392098783.0,"4,1"
1392098783.0,1392098783.0,1
1392098784.0,1392098784.0,"4,1"
1392098784.0,1392098784.0,1
1392098785.0,1392098785.0,"4,1"
1392098785.0,1392098785.0,1
1392098786.0,1392098786.0,"4,1"
1392098786.0,1392098786.0,1
1392098787.0,1392098787.0,"4,1"
1392098787.0,1392098787.0,1
1392098788.0,1392098788.0,"4,1"
1392098788.0,1392098788.0,1
1392098789.0,1392098789.0,"4,1"
1392098789.0,1392098789.0,1
1392098790.0,1392098790.0,"4,1"
1392098790.0,1392098790.0,1
1392098791.0,1392098791.0,"4,1"
1392098791.0,1392098791.0,1
1392098792.0,1392098792.0,"4,1"
1392098792.0,1392098792.0,1
1392098793.0,1392098793.0,"4,1"
1392098793.0,1392098793.0,1
1392098794.0,1392098794.0,"4,1"
1392098794.0,1392098794.0,1
1392098795.0,1392098795.0,"4,1"
1392098795.0,1392098795.0,1
1392098796.0,1392098796.0,"4,1"
1392098796.0,1392098796.0,1
1392098797.0,1392098797.0,"4,1"
1392098797.0,1392098797.0,1
1392098798.0,1392098798.0,"4,1"
1392098798.0,1392098798.0,1
1392098799.0,1392098799.0,"4,1"
1392098799.0,1392098799.0,1
1392098800.0,1392098800.0,"4,1"
1392098800.0,1392098800.0,1
1392098801.0,1392098801.0,"4,1"
1392098801.0,1392098801.0,1
1392098802.0,1392098802.0,"4,1"
1392098802.0,1392098802.0,1
1392098803.0,1392098803.0,"4,1"
1392098803.0,1392098803.0,1
1392098804.0,1392098804.0,"4,1"
1392098804.0,1392098804.0,1
1392098805.0,1392098805.0,"4,1"
1392098805.0,1392098805.0,1
1392098806.0,1392098806.0,"4,1"
1392098806.0,1392098806.0,1
1392098807.0,1392098807.0,"4,1"
1392098807.0,1392098807.0,1
1392098808.0,1392098808.0,"4,1"
1392098808.0,1392098808.0,1
1392098809.0,1392098809.0,"4,1"
1392098809.0,1392098809.0,1
1392098810.0,1392098810.0,"4,1"
1392098810.0,1392098810.0,1
1392098811.0,1392098811.0,"4,1"
1392098811.0,1392098811.0,1
1392098812.0,1392098812.0,"4,1"
1392098812.0,1392098812.0,1
1392098813.0,1392098813.0,"4,1"
1392098813.0,1392098813.0,1
1392098814.0,1392098814.0,"4,1"
1392098814.0,1392098814.0,1
1392098815.0,1392098815.0,"4,1"
1392098815.0,1392098815.0,1
1392098816.0,1392098816.0,"4,1"
1392098816.0,1392098816.0,1
1392098817.0,1392098817.0,"4,1"
1392098817.0,1392098817.0,1
1392098818.0,1392098818.0,"4,1"
1392098818.0,1392098818.0,1
1392098819.0,1392098819.0,"4,1"
1392098819.0,1392098819.0,1
1392098820.0,1392098820.0,"4,1"
1392098820.0,1392098820.0,1
1392098821.0,1392098821.0,"4,1"
1392098821.0,1392098821.0,1
1392098822.0,1392098822.0,"4,1"
1392098822.0,1392098822.0,1
1392098823.0,1392098823.0,"4,1"
1392098823.0,1392098823.0,1
1392098824.0,1392098824.0,"4,1"
1392098824.0,1392098824.0,1
1392098825.0,1392098825.0,"4,1"
1392098825.0,1392098825.0,1
1392098826.0,1392098826.0,"4,1"
1392098826.0,1392098826.0,1
1392098827.0,1392098827.0,"4,1"
1392098827.0,1392098827.0,1
1392098828.0,1392098828.0,"4,1"
1392098828.0,1392098828.0,1
1392098829.0,1392098829.0,"4,1"
1392098829.0,1392098829.0,1
1392098830.0,1392098830.0,"4,1"
1392098830.0,1392098830.0,1
1392098831.0,1392098831.0,"4,1"
1392098831.0,1392098831.0,1
1392098832.0,1392098832.0,"4,1"
1392098832.0,1392098832.0,1
1392098833.0,1392098833.0,"4,1"
1392098833.0,1392098833.0,1
1392098834.0,1392098834.0,"4,1"
1392098834.0,1392098834.0,1
1392098835.0,1392098835.0,"4,1"
1392098835.0,1392098835.0,1
1392098836.0,1392098836.0,"4,1"
1392098836.0,1392098836.0,1
1392098837.0,1392098837.0,"4,1"
1392098837.0,1392098837.0,1
1392098838.0,1392098838.0,"4,1"
1392098838.0,1392098838.0,1
1392098839.0,1392098839.0,"4,1"
1392098839.0,1392098839.0,1
1392098840.0,1392098840.0,"4,1"
1392098840.0,1392098840.0,1
1392098841.0,1392098841.0,"4,1"
1392098841.0,1392098841.0,1
1392098842.0,1392098842.0,"4,1"
1392098842.0,1392098842.0,1
1392098843.0,1392098843.0,"4,1"
1392098843.0,1392098843.0,1
1392098844.0,1392098844.0,"4,1"
1392098844.0,1392098844.0,1
1392098845.0,1392098845.0,"4,1"
1392098845.0,1392098845.0,1
1392098846.0,1392098846.0,"4,1"
1392098846.0,1392098846.0,1
1392098847.0,1392098847.0,"4,1"
1392098847.0,1392098847.0,1
1392098848.0,1392098848.0,"4,1"
1392098848.0,1392098848.0,1
1392098849.0,1392098849.0,"4,1"
1392098849.0,1392098849.0,1
1392098850.0,1392098850.0,"4,1"
1392098850.0,1392098850.0,1
1392098851.0,1392098851.0,"4,1"
1392098851.0,1392098851.0,1
1392098852.0,1392098852.0,"4,1"
1392098852.0,1392098852.0,1
1392098853.0,1392098853.0,"4,1"
1392098853.0,1392098853.0,1
1392098854.0,1392098854.0,"4,1"
1392098854.0,1392098854.0,1
1392098855.0,1392098855.0,"4,1"
1392098855.0,1392098855.0,1
1392098856.0,1392098856.0,"4,1"
1392098856.0,1392098856.0,1
1392098857.0,1392098857.0,"4,1"
1392098857.0,1392098857.0,1
1392098858.0,1392098858.0,"4,1"
1392098858.0,1392098858.0,1
1392098859.0,1392098859.0,"4,1"
1392098859.0,1392098859.0,1
1392098860.0,1392098860.0,"4,1"
1392098860.0,1392098860.0,1
1392098861.0,1392098861.0,"4,1"
1392098861.0,1392098861.0,1
1392098862.0,1392098862.0,"4,1"
1392098862.0,1392098862.0,1
1392098863.0,1392098863.0,"4,1"
1392098863.0,1392098863.0,1
1392098864.0,1392098864.0,"4,1"
1392098864.0,1392098864.0,1
1392098865.0,1392098865.0,"4,1"
1392098865.0,1392098865.0,1
1392098866.0,1392098866.0,"4,1"
1392098866.0,1392098866.0,1
1392098867.0,1392098867.0,"4,1"
1392098867.0,1392098867.0,1
1392098868.0,1392098868.0,"4,1"
1392098868.0,1392098868.0,1
1392098869.0,1392098869.0,"4,1"
1392098869.0,1392098869.0,1
1392098870.0,1392098870.0,"4,1"
1392098870.0,1392098870.0,1
1392098871.0,1392098871.0,"4,1"
1392098871.0,1392098871.0,1
1392098872.0,1392098872.0,"4,1"
1392098872.0,1392098872.0,1
1392098873.0,1392098873.0,"4,1"
1392098873.0,1392098873.0,1
1392098874.0,1392098874.0,"4,1"
1392098874.0,1392098874.0,1
1392098875.0,1392098875.0,"4,1"
1392098875.0,1392098875.0,1
1392098876.0,1392098876.0,"4,1"
1392098876.0,1392098876.0,1
1392098877.0,1392098877.0,"4,1"
1392098877.0,1392098877.0,1
1392098878.0,1392098878.0,"4,1"
1392098878.0,1392098878.0,1
1392098879.0,1392098879.0,"4,1"
1392098879.0,1392098879.0,1
1392098880.0,1392098880.0,"4,1"
1392098880.0,1392098880.0,1
1392098881.0,1392098881.0,"4,1"
1392098881.0,1392098881.0,1
1392098882.0,1392098882.0,"4,1"
1392098882.0,1392098882.0,1
1392098883.0,1392098883.0,"4,1"
1392098883.0,1392098883.0,1
1392098884.0,1392098884.0,"4,1"
1392098884.0,1392098884.0,1
1392098885.0,1392098885.0,"4,1"
1392098885.0,1392098885.0,1
1392098886.0,1392098886.0,"4,1"
1392098886.0,1392098886.0,1
1392098887.0,1392098887.0,"4,1"
1392098887.0,1392098887.0,1
1392098888.0,1392098888.0,"4,1"
1392098888.0,1392098888.0,1
1392098889.0,1392098889.0,"4,1"
1392098889.0,1392098889.0,1
1392098890.0,1392098890.0,"4,1"
1392098890.0,1392098890.0,1
1392098891.0,1392098891.0,"4,1"
1392098891.0,1392098891.0,1
1392098892.0,1392098892.0,"4,1"
1392098892.0,1392098892.0,1
1392098893.0,1392098893.0,"4,1"
1392098893.0,1392098893.0,1
1392098894.0,1392098894.0,"4,1"
1392098894.0,1392098894.0,1
1392098895.0,1392098895.0,"4,1"
1392098895.0,1392098895.0,1
1392098896.0,1392098896.0,"4,1"
1392098896.0,1392098896.0,1
1392098897.0,1392098897.0,"4,1"
1392098897.0,1392098897.0,1
1392098898.0,1392098898.0,"4,1"
1392098898.0,1392098898.0,1
1392098899.0,1392098899.0,"4,1"
1392098899.0,1392098899.0,1
1392098900.0,1392098900.0,"4,1"
1392098900.0,1392098900.0,1
1392098901.0,1392098901.0,"4,1"
1392098901.0,1392098901.0,1
1392098902.0,1392098902.0,"4,1"
1392098902.0,1392098902.0,1
1392098903.0,1392098903.0,"4,1"
1392098903.0,1392098903.0,1
1392098904.0,1392098904.0,"4,1"
1392098904.0,1392098904.0,1
1392098905.0,1392098905.0,"4,1"
1392098905.0,1392098905.0,1
1392098906.0,1392098906.0,"4,1"
1392098906.0,1392098906.0,1
1392098907.0,1392098907.0,"4,1"
1392098907.0,1392098907.0,1
1392098908.0,1392098908.0,"4,1"
1392098908.0,1392098908.0,1
1392098909.0,1392098909.0,"4,1"
1392098909.0,1392098909.0,1
1392098910.0,1392098910.0,"4,1"
1392098910.0,1392098910.0,1
1392098911.0,1392098911.0,"4,1"
1392098911.0,1392098911.0,1
1392098912.0,1392098912.0,"4,1"
1392098912.0,1392098912.0,1
1392098913.0,1392098913.0,"4,1"
1392098913.0,1392098913.0,1
1392098914.0,1392098914.0,"4,1"
1392098914.0,1392098914.0,1
1392098915.0,1392098915.0,"4,1"
1392098915.0,1392098915.0,1
1392098916.0,1392098916.0,"4,1"
1392098916.0,1392098916.0,1
1392098917.0,1392098917.0,"4,1"
1392098917.0,1392098917.0,1
1392098918.0,1392098918.0,"4,1"
1392098918.0,1392098918.0,1
1392098919.0,1392098919.0,"4,1"
1392098919.0,1392098919.0,1
1392098920.0,1392098920.0,"4,1"
1392098920.0,1392098920.0,1
1392098921.0,1392098921.0,"4,1"
1392098921.0,1392098921.0,1
1392098922.0,1392098922.0,"4,1"
1392098922.0,1392098922.0,1
1392098923.0,1392098923.0,"4,1"
1392098923.0,1392098923.0,1
1392098924.0,1392098924.0,"4,1"
1392098924.0,1392098924.0,1
1392098925.0,1392098925.0,"4,1"
1392098925.0,1392098925.0,1
1392098926.0,1392098926.0,"4,1"
1392098926.0,1392098926.0,1
1392098927.0,1392098927.0,"4,1"
1392098927.0,1392098927.0,1
1392098928.0,1392098928.0,"4,1"
1392098928.0,1392098928.0,1
1392098929.0,1392098929.0,"4,1"
1392098929.0,1392098929.0,1
1392098930.0,1392098930.0,"4,1"
1392098930.0,1392098930.0,1
1392098931.0,1392098931.0,"4,1"
1392098931.0,1392098931.0,1
1392098932.0,1392098932.0,"4,1"
1392098932.0,1392098932.0,1
1392098933.0,1392098933.0,"4,1"
1392098933.0,1392098933.0,1
1392098934.0,1392098934.0,"4,1"
1392098934.0,1392098934.0,1
1392098935.0,1392098935.0,"4,1"
1392098935.0,1392098935.0,1
1392098936.0,1392098936.0,"4,1"
1392098936.0,1392098936.0,1
1392098937.0,1392098937.0,"4,1"
1392098937.0,1392098937.0,1
1392098938.0,1392098938.0,"4,1"
1392098938.0,1392098938.0,1
1392098939.0,1392098939.0,"4,1"
1392098939.0,1392098939.0,1
1392098940.0,1392098940.0,"4,1"
1392098940.0,1392098940.0,1
1392098941.0,1392098941.0,"4,1"
1392098941.0,1392098941.0,1
1392098942.0,1392098942.0,"4,1"
1392098942.0,1392098942.0,1
1392098943.0,1392098943.0,"4,1"
1392098943.0,1392098943.0,1
1392098944.0,1392098944.0,"4,1"
1392098944.0,1392098944.0,1
1392098945.0,1392098945.0,"4,1"
1392098945.0,1392098945.0,1
1392098946.0,1392098946.0,"4,1"
1392098946.0,1392098946.0,1
1392098947.0,1392098947.0,"4,1"
1392098947.0,1392098947.0,1
1392098948.0,1392098948.0,"4,1"
1392098948.0,1392098948.0,1
1392098949.0,1392098949.0,"4,1"
1392098949.0,1392098949.0,1
1392098950.0,1392098950.0,"4,1"
1392098950.0,1392098950.0,1
1392098951.0,1392098951.0,"4,1"
1392098951.0,1392098951.0,1
1392098952.0,1392098952.0,"4,1"
1392098952.0,1392098952.0,1
1392098953.0,1392098953.0,"4,1"
1392098953.0,1392098953.0,1
1392098954.0,1392098954.0,"4,1"
1392098954.0,1392098954.0,1
1392098955.0,1392098955.0,"4,1"
1392098955.0,1392098955.0,1
1392098956.0,1392098956.0,"4,1"
1392098956.0,1392098956.0,1
1392098957.0,1392098957.0,"4,1"
1392098957.0,1392098957.0,1
1392098958.0,1392098958.0,"4,1"
1392098958.0,1392098958.0,1
1392098959.0,1392098959.0,"4,1"
1392098959.0,1392098959.0,1
1392098960.0,1392098960.0,"4,1"
1392098960.0,1392098960.0,1
1392098961.0,1392098961.0,"4,1"
1392098961.0,1392098961.0,1
1392098962.0,1392098962.0,"4,1"
1392098962.0,1392098962.0,1
1392098963.0,1392098963.0,"4,1"
1392098963.0,1392098963.0,1
1392098964.0,1392098964.0,"4,1"
1392098964.0,1392098964.0,1
1392098965.0,1392098965.0,"4,1"
1392098965.0,1392098965.0,1
1392098966.0,1392098966.0,"4,1"
1392098966.0,1392098966.0,1
1392098967.0,1392098967.0,"4,1"
1392098967.0,1392098967.0,1
1392098968.0,1392098968.0,"4,1"
1392098968.0,1392098968.0,1
1392098969.0,1392098969.0,"4,1"
1392098969.0,1392098969.0,1
1392098970.0,1392098970.0,"4,1"
1392098970.0,1392098970.0,1
1392098971.0,1392098971.0,"4,1"
1392098971.0,1392098971.0,1
1392098972.0,1392098972.0,"4,1"
1392098972.0,1392098972.0,1
1392098973.0,1392098973.0,"4,1"
1392098973.0,1392098973.0,1
1392098974.0,1392098974.0,"4,1"
1392098974.0,1392098974.0,1
1392098975.0,1392098975.0,"4,1"
1392098975.0,1392098975.0,1
1392098976.0,1392098976.0,"4,1"
1392098976.0,1392098976.0,1
1392098977.0,1392098977.0,"4,1"
1392098977.0,1392098977.0,1
1392098978.0,1392098978.0,"4,1"
1392098978.0,1392098978.0,1
1392098979.0,1392098979.0,"4,1"
1392098979.0,1392098979.0,1
1392098980.0,1392098980.0,"4,1"
1392098980.0,1392098980.0,1
1392098981.0,1392098981.0,"4,1"
1392098981.0,1392098981.0,1
1392098982.0,1392098982.0,"4,1"
1392098982.0,1392098982.0,1
1392098983.0,1392098983.0,"4,1"
1392098983.0,1392098983.0,1
1392098984.0,1392098984.0,"4,1"
1392098984.0,1392098984.0,1
1392098985.0,1392098985.0,"4,1"
1392098985.0,1392098985.0,1
1392098986.0,1392098986.0,"4,1"
1392098986.0,1392098986.0,1
1392098987.0,1392098987.0,"4,1"
1392098987.0,1392098987.0,1
1392098988.0,1392098988.0,"4,1"
1392098988.0,1392098988.0,1
1392098989.0,1392098989.0,"4,1"
1392098989.0,1392098989.0,1
1392098990.0,1392098990.0,"4,1"
1392098990.0,1392098990.0,1
1392098991.0,1392098991.0,"4,1"
1392098991.0,1392098991.0,1
1392098992.0,1392098992.0,"4,1"
1392098992.0,1392098992.0,1
1392098993.0,1392098993.0,"4,1"
1392098993.0,1392098993.0,1
1392098994.0,1392098994.0,"4,1"
1392098994.0,1392098994.0,1
1392098995.0,1392098995.0,"4,1"
1392098995.0,1392098995.0,1
1392098996.0,1392098996.0,"4,1"
1392098996.0,1392098996.0,1
1392098997.0,1392098997.0,"4,1"
1392098997.0,1392098997.0,1
1392098998.0,1392098998.0,"4,1"
1392098998.0,1392098998.0,1
1392098999.0,1392098999.0,"4,1"
1392098999.0,1392098999.0,1
1392099000.0,1392099000.0,"4,1"
1392099000.0,1392099000.0,1
1392099001.0,1392099001.0,"4,1"
1392099001.0,1392099001.0,1
1392099002.0,1392099002.0,"4,1"
1392099002.0,1392099002.0,1
1392099003.0,1392099003.0,"4,1"
1392099003.0,1392099003.0,1
1392099004.0,1392099004.0,"4,1"
1392099004.0,1392099004.0,1
1392099005.0,1392099005.0,"4,1"
1392099005.0,1392099005.0,1
1392099006.0,1392099006.0,"4,1"
1392099006.0,1392099006.0,1
1392099007.0,1392099007.0,"4,1"
1392099007.0,1392099007.0,1
1392099008.0,1392099008.0,"4,1"
1392099008.0,1392099008.0,1
1392099009.0,1392099009.0,"4,1"
1392099009.0,1392099009.0,1
1392099010.0,1392099010.0,"4,1"
1392099010.0,1392099010.0,1
1392099011.0,1392099011.0,"4,1"
1392099011.0,1392099011.0,1
1392099012.0,1392099012.0,"4,1"
1392099012.0,1392099012.0,1
1392099013.0,1392099013.0,"4,1"
1392099013.0,1392099013.0,1
1392099014.0,1392099014.0,"4,1"
1392099014.0,1392099014.0,1
1392099015.0,1392099015.0,"4,1"
1392099015.0,1392099015.0,1
1392099016.0,1392099016.0,"4,1"
1392099016.0,1392099016.0,1
1392099017.0,1392099017.0,"4,1"
1392099017.0,1392099017.0,1
1392099018.0,1392099018.0,"4,1"
1392099018.0,1392099018.0,1
1392099019.0,1392099019.0,"4,1"
1392099019.0,1392099019.0,1
1392099020.0,1392099020.0,"4,1"
1392099020.0,1392099020.0,1
1392099021.0,1392099021.0,"4,1"
1392099021.0,1392099021.0,1
1392099022.0,1392099022.0,"4,1"
1392099022.0,1392099022.0,1
1392099023.0,1392099023.0,"4,1"
1392099023.0,1392099023.0,1
1392099024.0,1392099024.0,"4,1"
1392099024.0,1392099024.0,1
1392099025.0,1392099025.0,"4,1"
1392099025.0,1392099025.0,1
1392099026.0,1392099026.0,"4,1"
1392099026.0,1392099026.0,1
1392099027.0,1392099027.0,"4,1"
1392099027.0,1392099027.0,1
1392099028.0,1392099028.0,"4,1"
1392099028.0,1392099028.0,1
1392099029.0,1392099029.0,"4,1"
1392099029.0,1392099029.0,1
1392099030.0,1392099030.0,"4,1"
1392099030.0,1392099030.0,1
1392099031.0,1392099031.0,"4,1"
1392099031.0,1392099031.0,1
1392099032.0,1392099032.0,"4,1"
1392099032.0,1392099032.0,1
1392099033.0,1392099033.0,"4,1"
1392099033.0,1392099033.0,1
1392099034.0,1392099034.0,"4,1"
1392099034.0,1392099034.0,1
1392099035.0,1392099035.0,"4,1"
1392099035.0,1392099035.0,1
1392099036.0,1392099036.0,"4,1"
1392099036.0,1392099036.0,1
1392099037.0,1392099037.0,"4,1"
1392099037.0,1392099037.0,1
1392099038.0,1392099038.0,"4,1"
1392099038.0,1392099038.0,1
1392099039.0,1392099039.0,"4,1"
1392099039.0,1392099039.0,1
1392099040.0,1392099040.0,"4,1"
1392099040.0,1392099040.0,1
1392099041.0,1392099041.0,"4,1"
1392099041.0,1392099041.0,1
1392099042.0,1392099042.0,"4,1"
1392099042.0,1392099042.0,1
1392099043.0,1392099043.0,"4,1"
1392099043.0,1392099043.0,1
1392099044.0,1392099044.0,"4,1"
1392099044.0,1392099044.0,1
1392099045.0,1392099045.0,"4,1"
1392099045.0,1392099045.0,1
1392099046.0,1392099046.0,"4,1"
1392099046.0,1392099046.0,1
1392099047.0,1392099047.0,"4,1"
1392099047.0,1392099047.0,1
1392099048.0,1392099048.0,"4,1"
1392099048.0,1392099048.0,1
1392099049.0,1392099049.0,"4,1"
1392099049.0,1392099049.0,1
1392099050.0,1392099050.0,"4,1"
1392099050.0,1392099050.0,1
1392099051.0,1392099051.0,"4,1"
1392099051.0,1392099051.0,1
1392099052.0,1392099052.0,"4,1"
1392099052.0,1392099052.0,1
1392099053.0,1392099053.0,"4,1"
1392099053.0,1392099053.0,1
1392099054.0,1392099054.0,"4,1"
1392099054.0,1392099054.0,1
1392099055.0,1392099055.0,"4,1"
1392099055.0,1392099055.0,1
1392099056.0,1392099056.0,"4,1"
1392099056.0,1392099056.0,1
1392099057.0,1392099057.0,"4,1"
1392099057.0,1392099057.0,1
1392099058.0,1392099058.0,"4,1"
1392099058.0,1392099058.0,1
1392099059.0,1392099059.0,"4,1"
1392099059.0,1392099059.0,1
1392099060.0,1392099060.0,"4,1"
1392099060.0,1392099060.0,1
1392099061.0,1392099061.0,"4,1"
1392099061.0,1392099061.0,1
1392099062.0,1392099062.0,"4,1"
1392099062.0,1392099062.0,1
1392099063.0,1392099063.0,"4,1"
1392099063.0,1392099063.0,1
1392099064.0,1392099064.0,"4,1"
1392099064.0,1392099064.0,1
1392099065.0,1392099065.0,"4,1"
1392099065.0,1392099065.0,1
1392099066.0,1392099066.0,"4,1"
1392099066.0,1392099066.0,1
1392099067.0,1392099067.0,"4,1"
1392099067.0,1392099067.0,1
1392099068.0,1392099068.0,"4,1"
1392099068.0,1392099068.0,1
1392099069.0,1392099069.0,"4,1"
1392099069.0,1392099069.0,1
1392099070.0,1392099070.0,"4,1"
1392099070.0,1392099070.0,1
1392099071.0,1392099071.0,"4,1"
1392099071.0,1392099071.0,1
1392099072.0,1392099072.0,"4,1"
1392099072.0,1392099072.0,1
1392099073.0,1392099073.0,"4,1"
1392099073.0,1392099073.0,1
1392099074.0,1392099074.0,"4,1"
1392099074.0,1392099074.0,1
1392099075.0,1392099075.0,"4,1"
1392099075.0,1392099075.0,1
1392099076.0,1392099076.0,"4,1"
1392099076.0,1392099076.0,1
1392099077.0,1392099077.0,"4,1"
1392099077.0,1392099077.0,1
1392099078.0,1392099078.0,"4,1"
1392099078.0,1392099078.0,1
1392099079.0,1392099079.0,"4,1"
1392099079.0,1392099079.0,1
1392099080.0,1392099080.0,"4,1"
1392099080.0,1392099080.0,1
1392099081.0,1392099081.0,"4,1"
1392099081.0,1392099081.0,1
1392099082.0,1392099082.0,"4,1"
1392099082.0,1392099082.0,1
1392099083.0,1392099083.0,"4,1"
1392099083.0,1392099083.0,1
1392099084.0,1392099084.0,"4,1"
1392099084.0,1392099084.0,1
1392099085.0,1392099085.0,"4,1"
1392099085.0,1392099085.0,1
1392099086.0,1392099086.0,"4,1"
1392099086.0,1392099086.0,1
1392099087.0,1392099087.0,"4,1"
1392099087.0,1392099087.0,1
1392099088.0,1392099088.0,"4,1"
1392099088.0,1392099088.0,1
1392099089.0,1392099089.0,"4,1"
1392099089.0,1392099089.0,1
1392099090.0,1392099090.0,"4,1"
1392099090.0,1392099090.0,1
1392099091.0,1392099091.0,"4,1"
1392099091.0,1392099091.0,1
1392099092.0,1392099092.0,"4,1"
1392099092.0,1392099092.0,1
1392099093.0,1392099093.0,"4,1"
1392099093.0,1392099093.0,1
1392099094.0,1392099094.0,"4,1"
1392099094.0,1392099094.0,1
1392099095.0,1392099095.0,"4,1"
1392099095.0,1392099095.0,1
1392099096.0,1392099096.0,"4,1"
1392099096.0,1392099096.0,1
1392099097.0,1392099097.0,"4,1"
1392099097.0,1392099097.0,1
1392099098.0,1392099098.0,"4,1"
1392099098.0,1392099098.0,1
1392099099.0,1392099099.0,"4,1"
1392099099.0,1392099099.0,1
1392099100.0,1392099100.0,"4,1"
1392099100.0,1392099100.0,1
1392099101.0,1392099101.0,"4,1"
1392099101.0,1392099101.0,1
1392099102.0,1392099102.0,"4,1"
1392099102.0,1392099102.0,1
1392099103.0,1392099103.0,"4,1"
1392099103.0,1392099103.0,1
1392099104.0,1392099104.0,"4,1"
1392099104.0,1392099104.0,1
1392099105.0,1392099105.0,"4,1"
1392099105.0,1392099105.0,1
1392099106.0,1392099106.0,"4,1"
1392099106.0,1392099106.0,1
1392099107.0,1392099107.0,"4,1"
1392099107.0,1392099107.0,1
1392099108.0,1392099108.0,"4,1"
1392099108.0,1392099108.0,1
1392099109.0,1392099109.0,"4,1"
1392099109.0,1392099109.0,1
1392099110.0,1392099110.0,"4,1"
1392099110.0,1392099110.0,1
1392099111.0,1392099111.0,"4,1"
1392099111.0,1392099111.0,1
1392099112.0,1392099112.0,"4,1"
1392099112.0,1392099112.0,1
1392099113.0,1392099113.0,"4,1"
1392099113.0,1392099113.0,1
1392099114.0,1392099114.0,"4,1"
1392099114.0,1392099114.0,1
1392099115.0,1392099115.0,"4,1"
1392099115.0,1392099115.0,1
1392099116.0,1392099116.0,"4,1"
1392099116.0,1392099116.0,1
1392099117.0,1392099117.0,"4,1"
1392099117.0,1392099117.0,1
1392099118.0,1392099118.0,"4,1"
1392099118.0,1392099118.0,1
1392099119.0,1392099119.0,"4,1"
1392099119.0,1392099119.0,1
1392099120.0,1392099120.0,"4,1"
1392099120.0,1392099120.0,1
1392099121.0,1392099121.0,"4,1"
1392099121.0,1392099121.0,1
1392099122.0,1392099122.0,"4,1"
1392099122.0,1392099122.0,1
1392099123.0,1392099123.0,"4,1"
1392099123.0,1392099123.0,1
1392099124.0,1392099124.0,"4,1"
1392099124.0,1392099124.0,1
1392099125.0,1392099125.0,"4,1"
1392099125.0,1392099125.0,1
1392099126.0,1392099126.0,"4,1"
1392099126.0,1392099126.0,1
1392099127.0,1392099127.0,"4,1"
1392099127.0,1392099127.0,1
1392099128.0,1392099128.0,"4,1"
1392099128.0,1392099128.0,1
1392099129.0,1392099129.0,"4,1"
1392099129.0,1392099129.0,1
1392099130.0,1392099130.0,"4,1"
1392099130.0,1392099130.0,1
1392099131.0,1392099131.0,"4,1"
1392099131.0,1392099131.0,1
1392099132.0,1392099132.0,"4,1"
1392099132.0,1392099132.0,1
1392099133.0,1392099133.0,"4,1"
1392099133.0,1392099133.0,1
1392099134.0,1392099134.0,"4,1"
1392099134.0,1392099134.0,1
1392099135.0,1392099135.0,"4,1"
1392099135.0,1392099135.0,1
1392099136.0,1392099136.0,"4,1"
1392099136.0,1392099136.0,1
1392099137.0,1392099137.0,"4,1"
1392099137.0,1392099137.0,1
1392099138.0,1392099138.0,"4,1"
1392099138.0,1392099138.0,1
1392099139.0,1392099139.0,"4,1"
1392099139.0,1392099139.0,1
1392099140.0,1392099140.0,"4,1"
1392099140.0,1392099140.0,1
1392099141.0,1392099141.0,"4,1"
1392099141.0,1392099141.0,1
1392099142.0,1392099142.0,"4,1"
1392099142.0,1392099142.0,1
1392099143.0,1392099143.0,"4,1"
1392099143.0,1392099143.0,1
1392099144.0,1392099144.0,"4,1"
1392099144.0,1392099144.0,1
1392099145.0,1392099145.0,"4,1"
1392099145.0,1392099145.0,1
1392099146.0,1392099146.0,"4,1"
1392099146.0,1392099146.0,1
1392099147.0,1392099147.0,"4,1"
1392099147.0,1392099147.0,1
1392099148.0,1392099148.0,"4,1"
1392099148.0,1392099148.0,1
1392099149.0,1392099149.0,"4,1"
1392099149.0,1392099149.0,1
1392099150.0,1392099150.0,"4,1"
1392099150.0,1392099150.0,1
1392099151.0,1392099151.0,"4,1"
1392099151.0,1392099151.0,1
1392099152.0,1392099152.0,"4,1"
1392099152.0,1392099152.0,1
1392099153.0,1392099153.0,"4,1"
1392099153.0,1392099153.0,1
1392099154.0,1392099154.0,"4,1"
1392099154.0,1392099154.0,1
1392099155.0,1392099155.0,"4,1"
1392099155.0,1392099155.0,1
1392099156.0,1392099156.0,"4,1"
1392099156.0,1392099156.0,1
1392099157.0,1392099157.0,"4,1"
1392099157.0,1392099157.0,1
1392099158.0,1392099158.0,"4,1"
1392099158.0,1392099158.0,1
1392099159.0,1392099159.0,"4,1"
1392099159.0,1392099159.0,1
1392099160.0,1392099160.0,"4,1"
1392099160.0,1392099160.0,1
1392099161.0,1392099161.0,"4,1"
1392099161.0,1392099161.0,1
1392099162.0,1392099162.0,"4,1"
1392099162.0,1392099162.0,1
1392099163.0,1392099163.0,"4,1"
1392099163.0,1392099163.0,1
1392099164.0,1392099164.0,"4,1"
1392099164.0,1392099164.0,1
1392099165.0,1392099165.0,"4,1"
1392099165.0,1392099165.0,1
1392099166.0,1392099166.0,"4,1"
1392099166.0,1392099166.0,1
1392099167.0,1392099167.0,"4,1"
1392099167.0,1392099167.0,1
1392099168.0,1392099168.0,"4,1"
1392099168.0,1392099168.0,1
1392099169.0,1392099169.0,"4,1"
1392099169.0,1392099169.0,1
1392099170.0,1392099170.0,"4,1"
1392099170.0,1392099170.0,1
1392099171.0,1392099171.0,"4,1"
1392099171.0,1392099171.0,1
1392099172.0,1392099172.0,"4,1"
1392099172.0,1392099172.0,1
1392099173.0,1392099173.0,"4,1"
1392099173.0,1392099173.0,1
1392099174.0,1392099174.0,"4,1"
1392099174.0,1392099174.0,1
1392099175.0,1392099175.0,"4,1"
1392099175.0,1392099175.0,1
1392099176.0,1392099176.0,"4,1"
1392099176.0,1392099176.0,1
1392099177.0,1392099177.0,"4,1"
1392099177.0,1392099177.0,1
1392099178.0,1392099178.0,"4,1"
1392099178.0,1392099178.0,1
1392099179.0,1392099179.0,"4,1"
1392099179.0,1392099179.0,1
1392099180.0,1392099180.0,"4,1"
1392099180.0,1392099180.0,1
1392099181.0,1392099181.0,"4,1"
1392099181.0,1392099181.0,1
1392099182.0,1392099182.0,"4,1"
1392099182.0,1392099182.0,1
1392099183.0,1392099183.0,"4,1"
1392099183.0,1392099183.0,1
1392099184.0,1392099184.0,"4,1"
1392099184.0,1392099184.0,1
1392099185.0,1392099185.0,"4,1"
1392099185.0,1392099185.0,1
1392099186.0,1392099186.0,"4,1"
1392099186.0,1392099186.0,1
1392099187.0,1392099187.0,"4,1"
1392099187.0,1392099187.0,1
1392099188.0,1392099188.0,"4,1"
1392099188.0,1392099188.0,1
1392099189.0,1392099189.0,"4,1"
1392099189.0,1392099189.0,1
1392099190.0,1392099190.0,"4,1"
1392099190.0,1392099190.0,1
1392099191.0,1392099191.0,"4,1"
1392099191.0,1392099191.0,1
1392099192.0,1392099192.0,"4,1"
1392099192.0,1392099192.0,1
1392099193.0,1392099193.0,"4,1"
1392099193.0,1392099193.0,1
1392099194.0,1392099194.0,"4,1"
1392099194.0,1392099194.0,1
1392099195.0,1392099195.0,"4,1"
1392099195.0,1392099195.0,1
1392099196.0,1392099196.0,"4,1"
1392099196.0,1392099196.0,1
1392099197.0,1392099197.0,"4,1"
1392099197.0,1392099197.0,1
1392099198.0,1392099198.0,"4,1"
1392099198.0,1392099198.0,1
1392099199.0,1392099199.0,"4,1"
1392099199.0,1392099199.0,1
1392099200.0,1392099200.0,"4,1"
1392099200.0,1392099200.0,1
1392099201.0,1392099201.0,"4,1"
1392099201.0,1392099201.0,1
1392099202.0,1392099202.0,"4,1"
1392099202.0,1392099202.0,1
1392099203.0,1392099203.0,"4,1"
1392099203.0,1392099203.0,1
1392099204.0,1392099204.0,"4,1"
1392099204.0,1392099204.0,1
1392099205.0,1392099205.0,"4,1"
1392099205.0,1392099205.0,1
1392099206.0,1392099206.0,"4,1"
1392099206.0,1392099206.0,1
1392099207.0,1392099207.0,"4,1"
1392099207.0,1392099207.0,1
1392099208.0,1392099208.0,"4,1"
1392099208.0,1392099208.0,1
1392099209.0,1392099209.0,"4,1"
1392099209.0,1392099209.0,1
1392099210.0,1392099210.0,"4,1"
1392099210.0,1392099210.0,1
1392099211.0,1392099211.0,"4,1"
1392099211.0,1392099211.0,1
1392099212.0,1392099212.0,"4,1"
1392099212.0,1392099212.0,1
1392099213.0,1392099213.0,"4,1"
1392099213.0,1392099213.0,1
1392099214.0,1392099214.0,"4,1"
1392099214.0,1392099214.0,1
1392099215.0,1392099215.0,"4,1"
1392099215.0,1392099215.0,1
1392099216.0,1392099216.0,"4,1"
1392099216.0,1392099216.0,1
1392099217.0,1392099217.0,"4,1"
1392099217.0,1392099217.0,1
1392099218.0,1392099218.0,"4,1"
1392099218.0,1392099218.0,1
1392099219.0,1392099219.0,"4,1"
1392099219.0,1392099219.0,1
1392099220.0,1392099220.0,"4,1"
1392099220.0,1392099220.0,1
1392099221.0,1392099221.0,"4,1"
1392099221.0,1392099221.0,1
1392099222.0,1392099222.0,"4,1"
1392099222.0,1392099222.0,1
1392099223.0,1392099223.0,"4,1"
1392099223.0,1392099223.0,1
1392099224.0,1392099224.0,"4,1"
1392099224.0,1392099224.0,1
1392099225.0,1392099225.0,"4,1"
1392099225.0,1392099225.0,1
1392099226.0,1392099226.0,"4,1"
1392099226.0,1392099226.0,1
1392099227.0,1392099227.0,"4,1"
1392099227.0,1392099227.0,1
1392099228.0,1392099228.0,"4,1"
1392099228.0,1392099228.0,1
1392099229.0,1392099229.0,"4,1"
1392099229.0,1392099229.0,1
1392099230.0,1392099230.0,"4,1"
1392099230.0,1392099230.0,1
1392099231.0,1392099231.0,"4,1"
1392099231.0,1392099231.0,1
1392099232.0,1392099232.0,"4,1"
1392099232.0,1392099232.0,1
1392099233.0,1392099233.0,"4,1"
1392099233.0,1392099233.0,1
1392099234.0,1392099234.0,"4,1"
1392099234.0,1392099234.0,1
1392099235.0,1392099235.0,"4,1"
1392099235.0,1392099235.0,1
1392099236.0,1392099236.0,"4,1"
1392099236.0,1392099236.0,1
1392099237.0,1392099237.0,"4,1"
1392099237.0,1392099237.0,1
1392099238.0,1392099238.0,"4,1"
1392099238.0,1392099238.0,1
1392099239.0,1392099239.0,"4,1"
1392099239.0,1392099239.0,1
1392099240.0,1392099240.0,"4,1"
1392099240.0,1392099240.0,1
1392099241.0,1392099241.0,"4,1"
1392099241.0,1392099241.0,1
1392099242.0,1392099242.0,"4,1"
1392099242.0,1392099242.0,1
1392099243.0,1392099243.0,"4,1"
1392099243.0,1392099243.0,1
1392099244.0,1392099244.0,"4,1"
1392099244.0,1392099244.0,1
1392099245.0,1392099245.0,"4,1"
1392099245.0,1392099245.0,1
1392099246.0,1392099246.0,"4,1"
1392099246.0,1392099246.0,1
1392099247.0,1392099247.0,"4,1"
1392099247.0,1392099247.0,1
1392099248.0,1392099248.0,"4,1"
1392099248.0,1392099248.0,1
1392099249.0,1392099249.0,"4,1"
1392099249.0,1392099249.0,1
1392099250.0,1392099250.0,"4,1"
1392099250.0,1392099250.0,1
1392099251.0,1392099251.0,"4,1"
1392099251.0,1392099251.0,1
1392099252.0,1392099252.0,"4,1"
1392099252.0,1392099252.0,1
1392099253.0,1392099253.0,"4,1"
1392099253.0,1392099253.0,1
1392099254.0,1392099254.0,"4,1"
1392099254.0,1392099254.0,1
1392099255.0,1392099255.0,"4,1"
1392099255.0,1392099255.0,1
1392099256.0,1392099256.0,"4,1"
1392099256.0,1392099256.0,1
1392099257.0,1392099257.0,"4,1"
1392099257.0,1392099257.0,1
1392099258.0,1392099258.0,"4,1"
1392099258.0,1392099258.0,1
1392099259.0,1392099259.0,"4,1"
1392099259.0,1392099259.0,1
1392099260.0,1392099260.0,"4,1"
1392099260.0,1392099260.0,1
1392099261.0,1392099261.0,"4,1"
1392099261.0,1392099261.0,1
1392099262.0,1392099262.0,"4,1"
1392099262.0,1392099262.0,1
1392099263.0,1392099263.0,"4,1"
1392099263.0,1392099263.0,1
1392099264.0,1392099264.0,"4,1"
1392099264.0,1392099264.0,1
1392099265.0,1392099265.0,"4,1"
1392099265.0,1392099265.0,1
1392099266.0,1392099266.0,"4,1"
1392099266.0,1392099266.0,1
1392099267.0,1392099267.0,"4,1"
1392099267.0,1392099267.0,1
1392099268.0,1392099268.0,"4,1"
1392099268.0,1392099268.0,1
1392099269.0,1392099269.0,"4,1"
1392099269.0,1392099269.0,1
1392099270.0,1392099270.0,"4,1"
1392099270.0,1392099270.0,1
1392099271.0,1392099271.0,"4,1"
1392099271.0,1392099271.0,1
1392099272.0,1392099272.0,"4,1"
1392099272.0,1392099272.0,1
1392099273.0,1392099273.0,"4,1"
1392099273.0,1392099273.0,1
1392099274.0,1392099274.0,"4,1"
1392099274.0,1392099274.0,1
1392099275.0,1392099275.0,"4,1"
1392099275.0,1392099275.0,1
1392099276.0,1392099276.0,"4,1"
1392099276.0,1392099276.0,1
1392099277.0,1392099277.0,"4,1"
1392099277.0,1392099277.0,1
1392099278.0,1392099278.0,"4,1"
1392099278.0,1392099278.0,1
1392099279.0,1392099279.0,"4,1"
1392099279.0,1392099279.0,1
1392099280.0,1392099280.0,"4,1"
1392099280.0,1392099280.0,1
1392099281.0,1392099281.0,"4,1"
1392099281.0,1392099281.0,1
1392099282.0,1392099282.0,"4,1"
1392099282.0,1392099282.0,1
1392099283.0,1392099283.0,"4,1"
1392099283.0,1392099283.0,1
1392099284.0,1392099284.0,"4,1"
1392099284.0,1392099284.0,1
1392099285.0,1392099285.0,"4,1"
1392099285.0,1392099285.0,1
1392099286.0,1392099286.0,"4,1"
1392099286.0,1392099286.0,1
1392099287.0,1392099287.0,"4,1"
1392099287.0,1392099287.0,1
1392099288.0,1392099288.0,"4,1"
1392099288.0,1392099288.0,1
1392099289.0,1392099289.0,"4,1"
1392099289.0,1392099289.0,1
1392099290.0,1392099290.0,"4,1"
1392099290.0,1392099290.0,1
1392099291.0,1392099291.0,"4,1"
1392099291.0,1392099291.0,1
1392099292.0,1392099292.0,"4,1"
1392099292.0,1392099292.0,1
1392099293.0,1392099293.0,"4,1"
1392099293.0,1392099293.0,1
1392099294.0,1392099294.0,"4,1"
1392099294.0,1392099294.0,1
1392099295.0,1392099295.0,"4,1"
1392099295.0,1392099295.0,1
1392099296.0,1392099296.0,"4,1"
1392099296.0,1392099296.0,1
1392099297.0,1392099297.0,"4,1"
1392099297.0,1392099297.0,1
1392099298.0,1392099298.0,"4,1"
1392099298.0,1392099298.0,1
1392099299.0,1392099299.0,"4,1"
1392099299.0,1392099299.0,1
1392099300.0,1392099300.0,"4,1"
1392099300.0,1392099300.0,1
1392099301.0,1392099301.0,"4,1"
1392099301.0,1392099301.0,1
1392099302.0,1392099302.0,"4,1"
1392099302.0,1392099302.0,1
1392099303.0,1392099303.0,"4,1"
1392099303.0,1392099303.0,1
1392099304.0,1392099304.0,"4,1"
1392099304.0,1392099304.0,1
1392099305.0,1392099305.0,"4,1"
1392099305.0,1392099305.0,1
1392099306.0,1392099306.0,"4,1"
1392099306.0,1392099306.0,1
1392099307.0,1392099307.0,"4,1"
1392099307.0,1392099307.0,1
1392099308.0,1392099308.0,"4,1"
1392099308.0,1392099308.0,1
1392099309.0,1392099309.0,"4,1"
1392099309.0,1392099309.0,1
1392099310.0,1392099310.0,"4,1"
1392099310.0,1392099310.0,1
1392099311.0,1392099311.0,"4,1"
1392099311.0,1392099311.0,1
1392099312.0,1392099312.0,"4,1"
1392099312.0,1392099312.0,1
1392099313.0,1392099313.0,"4,1"
1392099313.0,1392099313.0,1
1392099314.0,1392099314.0,"4,1"
1392099314.0,1392099314.0,1
1392099315.0,1392099315.0,"4,1"
1392099315.0,1392099315.0,1
1392099316.0,1392099316.0,"4,1"
1392099316.0,1392099316.0,1
1392099317.0,1392099317.0,"4,1"
1392099317.0,1392099317.0,1
1392099318.0,1392099318.0,"4,1"
1392099318.0,1392099318.0,1
1392099319.0,1392099319.0,"4,1"
1392099319.0,1392099319.0,1
1392099320.0,1392099320.0,"4,1"
1392099320.0,1392099320.0,1
1392099321.0,1392099321.0,"4,1"
1392099321.0,1392099321.0,1
1392099322.0,1392099322.0,"4,1"
1392099322.0,1392099322.0,1
1392099323.0,1392099323.0,"4,1"
1392099323.0,1392099323.0,1
1392099324.0,1392099324.0,"4,1"
1392099324.0,1392099324.0,1
1392099325.0,1392099325.0,"4,1"
1392099325.0,1392099325.0,1
1392099326.0,1392099326.0,"4,1"
1392099326.0,1392099326.0,1
1392099327.0,1392099327.0,"4,1"
1392099327.0,1392099327.0,1
1392099328.0,1392099328.0,"4,1"
1392099328.0,1392099328.0,1
1392099329.0,1392099329.0,"4,1"
1392099329.0,1392099329.0,1
1392099330.0,1392099330.0,"4,1"
1392099330.0,1392099330.0,1
1392099331.0,1392099331.0,"4,1"
1392099331.0,1392099331.0,1
1392099332.0,1392099332.0,"4,1"
1392099332.0,1392099332.0,1
1392099333.0,1392099333.0,"4,1"
1392099333.0,1392099333.0,1
1392099334.0,1392099334.0,"4,1"
1392099334.0,1392099334.0,1
1392099335.0,1392099335.0,"4,1"
1392099335.0,1392099335.0,1
1392099336.0,1392099336.0,"4,1"
1392099336.0,1392099336.0,1
1392099337.0,1392099337.0,"4,1"
1392099337.0,1392099337.0,1
1392099338.0,1392099338.0,"4,1"
1392099338.0,1392099338.0,1
1392099339.0,1392099339.0,"4,1"
1392099339.0,1392099339.0,1
1392099340.0,1392099340.0,"4,1"
1392099340.0,1392099340.0,1
1392099341.0,1392099341.0,"4,1"
1392099341.0,1392099341.0,1
1392099342.0,1392099342.0,"4,1"
1392099342.0,1392099342.0,1
1392099343.0,1392099343.0,"4,1"
1392099343.0,1392099343.0,1
1392099344.0,1392099344.0,"4,1"
1392099344.0,1392099344.0,1
1392099345.0,1392099345.0,"4,1"
1392099345.0,1392099345.0,1
1392099346.0,1392099346.0,"4,1"
1392099346.0,1392099346.0,1
1392099347.0,1392099347.0,"4,1"
1392099347.0,1392099347.0,1
1392099348.0,1392099348.0,"4,1"
1392099348.0,1392099348.0,1
1392099349.0,1392099349.0,"4,1"
1392099349.0,1392099349.0,1
1392099350.0,1392099350.0,"4,1"
1392099350.0,1392099350.0,1
1392099351.0,1392099351.0,"4,1"
1392099351.0,1392099351.0,1
1392099352.0,1392099352.0,"4,1"
1392099352.0,1392099352.0,1
1392099353.0,1392099353.0,"4,1"
1392099353.0,1392099353.0,1
1392099354.0,1392099354.0,"4,1"
1392099354.0,1392099354.0,1
1392099355.0,1392099355.0,"4,1"
1392099355.0,1392099355.0,1
1392099356.0,1392099356.0,"4,1"
1392099356.0,1392099356.0,1
1392099357.0,1392099357.0,"4,1"
1392099357.0,1392099357.0,1
1392099358.0,1392099358.0,"4,1"
1392099358.0,1392099358.0,1
1392099359.0,1392099359.0,"4,1"
1392099359.0,1392099359.0,1
1392099360.0,1392099360.0,"4,1"
1392099360.0,1392099360.0,1
1392099361.0,1392099361.0,"4,1"
1392099361.0,1392099361.0,1
1392099362.0,1392099362.0,"4,1"
1392099362.0,1392099362.0,1
1392099363.0,1392099363.0,"4,1"
1392099363.0,1392099363.0,1
1392099364.0,1392099364.0,"4,1"
1392099364.0,1392099364.0,1
1392099365.0,1392099365.0,"4,1"
1392099365.0,1392099365.0,1
1392099366.0,1392099366.0,"4,1"
1392099366.0,1392099366.0,1
1392099367.0,1392099367.0,"4,1"
1392099367.0,1392099367.0,1
1392099368.0,1392099368.0,"4,1"
1392099368.0,1392099368.0,1
1392099369.0,1392099369.0,"4,1"
1392099369.0,1392099369.0,1
1392099370.0,1392099370.0,"4,1"
1392099370.0,1392099370.0,1
1392099371.0,1392099371.0,"4,1"
1392099371.0,1392099371.0,1
1392099372.0,1392099372.0,"4,1"
1392099372.0,1392099372.0,1
1392099373.0,1392099373.0,"4,1"
1392099373.0,1392099373.0,1
1392099374.0,1392099374.0,"4,1"
1392099374.0,1392099374.0,1
1392099375.0,1392099375.0,"4,1"
1392099375.0,1392099375.0,1
1392099376.0,1392099376.0,"4,1"
1392099376.0,1392099376.0,1
1392099377.0,1392099377.0,"4,1"
1392099377.0,1392099377.0,1
1392099378.0,1392099378.0,"4,1"
1392099378.0,1392099378.0,1
1392099379.0,1392099379.0,"4,1"
1392099379.0,1392099379.0,1
1392099380.0,1392099380.0,"4,1"
1392099380.0,1392099380.0,1
1392099381.0,1392099381.0,"4,1"
1392099381.0,1392099381.0,1
1392099382.0,1392099382.0,"4,1"
1392099382.0,1392099382.0,1
1392099383.0,1392099383.0,"4,1"
1392099383.0,1392099383.0,1
1392099384.0,1392099384.0,"4,1"
1392099384.0,1392099384.0,1
1392099385.0,1392099385.0,"4,1"
1392099385.0,1392099385.0,1
1392099386.0,1392099386.0,"4,1"
1392099386.0,1392099386.0,1
1392099387.0,1392099387.0,"4,1"
1392099387.0,1392099387.0,1
1392099388.0,1392099388.0,"4,1"
1392099388.0,1392099388.0,1
1392099389.0,1392099389.0,"4,1"
1392099389.0,1392099389.0,1
1392099390.0,1392099390.0,"4,1"
1392099390.0,1392099390.0,1
1392099391.0,1392099391.0,"4,1"
1392099391.0,1392099391.0,1
1392099392.0,1392099392.0,"4,1"
1392099392.0,1392099392.0,1
1392099393.0,1392099393.0,"4,1"
1392099393.0,1392099393.0,1
1392099394.0,1392099394.0,"4,1"
1392099394.0,1392099394.0,1
1392099395.0,1392099395.0,"4,1"
1392099395.0,1392099395.0,1
1392099396.0,1392099396.0,"4,1"
1392099396.0,1392099396.0,1
1392099397.0,1392099397.0,"4,1"
1392099397.0,1392099397.0,1
1392099398.0,1392099398.0,"4,1"
1392099398.0,1392099398.0,1
1392099399.0,1392099399.0,"4,1"
1392099399.0,1392099399.0,1
1392099400.0,1392099400.0,"4,1"
1392099400.0,1392099400.0,1
1392099401.0,1392099401.0,"4,1"
1392099401.0,1392099401.0,1
1392099402.0,1392099402.0,"4,1"
1392099402.0,1392099402.0,1
1392099403.0,1392099403.0,"4,1"
1392099403.0,1392099403.0,1
1392099404.0,1392099404.0,"4,1"
1392099404.0,1392099404.0,1
1392099405.0,1392099405.0,"4,1"
1392099405.0,1392099405.0,1
1392099406.0,1392099406.0,"4,1"
1392099406.0,1392099406.0,1
1392099407.0,1392099407.0,"4,1"
1392099407.0,1392099407.0,1
1392099408.0,1392099408.0,"4,1"
1392099408.0,1392099408.0,1
1392099409.0,1392099409.0,"4,1"
1392099409.0,1392099409.0,1
1392099410.0,1392099410.0,"4,1"
1392099410.0,1392099410.0,1
1392099411.0,1392099411.0,"4,1"
1392099411.0,1392099411.0,1
1392099412.0,1392099412.0,"4,1"
1392099412.0,1392099412.0,1
1392099413.0,1392099413.0,"4,1"
1392099413.0,1392099413.0,1
1392099414.0,1392099414.0,"4,1"
1392099414.0,1392099414.0,1
1392099415.0,1392099415.0,"4,1"
1392099415.0,1392099415.0,1
1392099416.0,1392099416.0,"4,1"
1392099416.0,1392099416.0,1
1392099417.0,1392099417.0,"4,1"
1392099417.0,1392099417.0,1
1392099418.0,1392099418.0,"4,1"
1392099418.0,1392099418.0,1
1392099419.0,1392099419.0,"4,1"
1392099419.0,1392099419.0,1
1392099420.0,1392099420.0,"4,1"
1392099420.0,1392099420.0,1
1392099421.0,1392099421.0,"4,1"
1392099421.0,1392099421.0,1
1392099422.0,1392099422.0,"4,1"
1392099422.0,1392099422.0,1
1392099423.0,1392099423.0,"4,1"
1392099423.0,1392099423.0,1
1392099424.0,1392099424.0,"4,1"
1392099424.0,1392099424.0,1
1392099425.0,1392099425.0,"4,1"
1392099425.0,1392099425.0,1
1392099426.0,1392099426.0,"4,1"
1392099426.0,1392099426.0,1
1392099427.0,1392099427.0,"4,1"
1392099427.0,1392099427.0,1
1392099428.0,1392099428.0,"4,1"
1392099428.0,1392099428.0,1
1392099429.0,1392099429.0,"4,1"
1392099429.0,1392099429.0,1
1392099430.0,1392099430.0,"4,1"
1392099430.0,1392099430.0,1
1392099431.0,1392099431.0,"4,1"
1392099431.0,1392099431.0,1
1392099432.0,1392099432.0,"4,1"
1392099432.0,1392099432.0,1
1392099433.0,1392099433.0,"4,1"
1392099433.0,1392099433.0,1
1392099434.0,1392099434.0,"4,1"
1392099434.0,1392099434.0,1
1392099435.0,1392099435.0,"4,1"
1392099435.0,1392099435.0,1
1392099436.0,1392099436.0,"4,1"
1392099436.0,1392099436.0,1
1392099437.0,1392099437.0,"4,1"
1392099437.0,1392099437.0,1
1392099438.0,1392099438.0,"4,1"
1392099438.0,1392099438.0,1
1392099439.0,1392099439.0,"4,1"
1392099439.0,1392099439.0,1
1392099440.0,1392099440.0,"4,1"
1392099440.0,1392099440.0,1
1392099441.0,1392099441.0,"4,1"
1392099441.0,1392099441.0,1
1392099442.0,1392099442.0,"4,1"
1392099442.0,1392099442.0,1
1392099443.0,1392099443.0,"4,1"
1392099443.0,1392099443.0,1
1392099444.0,1392099444.0,"4,1"
1392099444.0,1392099444.0,1
1392099445.0,1392099445.0,"4,1"
1392099445.0,1392099445.0,1
1392099446.0,1392099446.0,"4,1"
1392099446.0,1392099446.0,1
1392099447.0,1392099447.0,"4,1"
1392099447.0,1392099447.0,1
1392099448.0,1392099448.0,"4,1"
1392099448.0,1392099448.0,1
1392099449.0,1392099449.0,"4,1"
1392099449.0,1392099449.0,1
1392099450.0,1392099450.0,"4,1"
1392099450.0,1392099450.0,1
1392099451.0,1392099451.0,"4,1"
1392099451.0,1392099451.0,1
1392099452.0,1392099452.0,"4,1"
1392099452.0,1392099452.0,1
1392099453.0,1392099453.0,"4,1"
1392099453.0,1392099453.0,1
1392099454.0,1392099454.0,"4,1"
1392099454.0,1392099454.0,1
1392099455.0,1392099455.0,"4,1"
1392099455.0,1392099455.0,1
1392099456.0,1392099456.0,"4,1"
1392099456.0,1392099456.0,1
1392099457.0,1392099457.0,"4,1"
1392099457.0,1392099457.0,1
1392099458.0,1392099458.0,"4,1"
1392099458.0,1392099458.0,1
1392099459.0,1392099459.0,"4,1"
1392099459.0,1392099459.0,1
1392099460.0,1392099460.0,"4,1"
1392099460.0,1392099460.0,1
1392099461.0,1392099461.0,"4,1"
1392099461.0,1392099461.0,1
1392099462.0,1392099462.0,"4,1"
1392099462.0,1392099462.0,1
1392099463.0,1392099463.0,"4,1"
1392099463.0,1392099463.0,1
1392099464.0,1392099464.0,"4,1"
1392099464.0,1392099464.0,1
1392099465.0,1392099465.0,"4,1"
1392099465.0,1392099465.0,1
1392099466.0,1392099466.0,"4,1"
1392099466.0,1392099466.0,1
1392099467.0,1392099467.0,"4,1"
1392099467.0,1392099467.0,1
1392099468.0,1392099468.0,"4,1"
1392099468.0,1392099468.0,1
1392099469.0,1392099469.0,"4,1"
1392099469.0,1392099469.0,1
1392099470.0,1392099470.0,"4,1"
1392099470.0,1392099470.0,1
1392099471.0,1392099471.0,"4,1"
1392099471.0,1392099471.0,1
1392099472.0,1392099472.0,"4,1"
1392099472.0,1392099472.0,1
1392099473.0,1392099473.0,"4,1"
1392099473.0,1392099473.0,1
1392099474.0,1392099474.0,"4,1"
1392099474.0,1392099474.0,1
1392099475.0,1392099475.0,"4,1"
1392099475.0,1392099475.0,1
1392099476.0,1392099476.0,"4,1"
1392099476.0,1392099476.0,1
1392099477.0,1392099477.0,"4,1"
1392099477.0,1392099477.0,1
1392099478.0,1392099478.0,"4,1"
1392099478.0,1392099478.0,1
1392099479.0,1392099479.0,"4,1"
1392099479.0,1392099479.0,1
1392099480.0,1392099480.0,"4,1"
1392099480.0,1392099480.0,1
1392099481.0,1392099481.0,"4,1"
1392099481.0,1392099481.0,1
1392099482.0,1392099482.0,"4,1"
1392099482.0,1392099482.0,1
1392099483.0,1392099483.0,"4,1"
1392099483.0,1392099483.0,1
1392099484.0,1392099484.0,"4,1"
1392099484.0,1392099484.0,1
1392099485.0,1392099485.0,"4,1"
1392099485.0,1392099485.0,1
1392099486.0,1392099486.0,"4,1"
1392099486.0,1392099486.0,1
1392099487.0,1392099487.0,"4,1"
1392099487.0,1392099487.0,1
1392099488.0,1392099488.0,"4,1"
1392099488.0,1392099488.0,1
1392099489.0,1392099489.0,"4,1"
1392099489.0,1392099489.0,1
1392099490.0,1392099490.0,"4,1"
1392099490.0,1392099490.0,1
1392099491.0,1392099491.0,"4,1"
1392099491.0,1392099491.0,1
1392099492.0,1392099492.0,"4,1"
1392099492.0,1392099492.0,1
1392099493.0,1392099493.0,"4,1"
1392099493.0,1392099493.0,1
1392099494.0,1392099494.0,"4,1"
1392099494.0,1392099494.0,1
1392099495.0,1392099495.0,"4,1"
1392099495.0,1392099495.0,1
1392099496.0,1392099496.0,"4,1"
1392099496.0,1392099496.0,1
1392099497.0,1392099497.0,"4,1"
1392099497.0,1392099497.0,1
1392099498.0,1392099498.0,"4,1"
1392099498.0,1392099498.0,1
1392099499.0,1392099499.0,"4,1"
1392099499.0,1392099499.0,1
1392099500.0,1392099500.0,"4,1"
1392099500.0,1392099500.0,1
1392099501.0,1392099501.0,"4,1"
1392099501.0,1392099501.0,1
1392099502.0,1392099502.0,"4,1"
1392099502.0,1392099502.0,1
1392099503.0,1392099503.0,"4,1"
1392099503.0,1392099503.0,1
1392099504.0,1392099504.0,"4,1"
1392099504.0,1392099504.0,1
1392099505.0,1392099505.0,"4,1"
1392099505.0,1392099505.0,1
1392099506.0,1392099506.0,"4,1"
1392099506.0,1392099506.0,1
1392099507.0,1392099507.0,"4,1"
1392099507.0,1392099507.0,1
1392099508.0,1392099508.0,"4,1"
1392099508.0,1392099508.0,1
1392099509.0,1392099509.0,"4,1"
1392099509.0,1392099509.0,1
1392099510.0,1392099510.0,"4,1"
1392099510.0,1392099510.0,1
1392099511.0,1392099511.0,"4,1"
1392099511.0,1392099511.0,1
1392099512.0,1392099512.0,"4,1"
1392099512.0,1392099512.0,1
1392099513.0,1392099513.0,"4,1"
1392099513.0,1392099513.0,1
1392099514.0,1392099514.0,"4,1"
1392099514.0,1392099514.0,1
1392099515.0,1392099515.0,"4,1"
1392099515.0,1392099515.0,1
1392099516.0,1392099516.0,"4,1"
1392099516.0,1392099516.0,1
1392099517.0,1392099517.0,"4,1"
1392099517.0,1392099517.0,1
1392099518.0,1392099518.0,"4,1"
1392099518.0,1392099518.0,1
1392099519.0,1392099519.0,"4,1"
1392099519.0,1392099519.0,1
1392099520.0,1392099520.0,"4,1"
1392099520.0,1392099520.0,1
1392099521.0,1392099521.0,"4,1"
1392099521.0,1392099521.0,1
1392099522.0,1392099522.0,"4,1"
1392099522.0,1392099522.0,1
1392099523.0,1392099523.0,"4,1"
1392099523.0,1392099523.0,1
1392099524.0,1392099524.0,"4,1"
1392099524.0,1392099524.0,1
1392099525.0,1392099525.0,"4,1"
1392099525.0,1392099525.0,1
1392099526.0,1392099526.0,"4,1"
1392099526.0,1392099526.0,1
1392099527.0,1392099527.0,"4,1"
1392099527.0,1392099527.0,1
1392099528.0,1392099528.0,"4,1"
1392099528.0,1392099528.0,1
1392099529.0,1392099529.0,"4,1"
1392099529.0,1392099529.0,1
1392099530.0,1392099530.0,"4,1"
1392099530.0,1392099530.0,1
1392099531.0,1392099531.0,"4,1"
1392099531.0,1392099531.0,1
1392099532.0,1392099532.0,"4,1"
1392099532.0,1392099532.0,1
1392099533.0,1392099533.0,"4,1"
1392099533.0,1392099533.0,1
1392099534.0,1392099534.0,"4,1"
1392099534.0,1392099534.0,1
1392099535.0,1392099535.0,"4,1"
1392099535.0,1392099535.0,1
1392099536.0,1392099536.0,"4,1"
1392099536.0,1392099536.0,1
1392099537.0,1392099537.0,"4,1"
1392099537.0,1392099537.0,1
1392099538.0,1392099538.0,"4,1"
1392099538.0,1392099538.0,1
1392099539.0,1392099539.0,"4,1"
1392099539.0,1392099539.0,1
1392099540.0,1392099540.0,"4,1"
1392099540.0,1392099540.0,1
1392099541.0,1392099541.0,"4,1"
1392099541.0,1392099541.0,1
1392099542.0,1392099542.0,"4,1"
1392099542.0,1392099542.0,1
1392099543.0,1392099543.0,"4,1"
1392099543.0,1392099543.0,1
1392099544.0,1392099544.0,"4,1"
1392099544.0,1392099544.0,1
1392099545.0,1392099545.0,"4,1"
1392099545.0,1392099545.0,1
1392099546.0,1392099546.0,"4,1"
1392099546.0,1392099546.0,1
1392099547.0,1392099547.0,"4,1"
1392099547.0,1392099547.0,1
1392099548.0,1392099548.0,"4,1"
1392099548.0,1392099548.0,1
1392099549.0,1392099549.0,"4,1"
1392099549.0,1392099549.0,1
1392099550.0,1392099550.0,"4,1"
1392099550.0,1392099550.0,1
1392099551.0,1392099551.0,"4,1"
1392099551.0,1392099551.0,1
1392099552.0,1392099552.0,"4,1"
1392099552.0,1392099552.0,1
1392099553.0,1392099553.0,"4,1"
1392099553.0,1392099553.0,1
1392099554.0,1392099554.0,"4,1"
1392099554.0,1392099554.0,1
1392099555.0,1392099555.0,"4,1"
1392099555.0,1392099555.0,1
1392099556.0,1392099556.0,"4,1"
1392099556.0,1392099556.0,1
1392099557.0,1392099557.0,"4,1"
1392099557.0,1392099557.0,1
1392099558.0,1392099558.0,"4,1"
1392099558.0,1392099558.0,1
1392099559.0,1392099559.0,"4,1"
1392099559.0,1392099559.0,1
1392099560.0,1392099560.0,"4,1"
1392099560.0,1392099560.0,1
1392099561.0,1392099561.0,"4,1"
1392099561.0,1392099561.0,1
1392099562.0,1392099562.0,"4,1"
1392099562.0,1392099562.0,1
1392099563.0,1392099563.0,"4,1"
1392099563.0,1392099563.0,1
1392099564.0,1392099564.0,"4,1"
1392099564.0,1392099564.0,1
1392099565.0,1392099565.0,"4,1"
1392099565.0,1392099565.0,1
1392099566.0,1392099566.0,"4,1"
1392099566.0,1392099566.0,1
1392099567.0,1392099567.0,"4,1"
1392099567.0,1392099567.0,1
1392099568.0,1392099568.0,"4,1"
1392099568.0,1392099568.0,1
1392099569.0,1392099569.0,"4,1"
1392099569.0,1392099569.0,1
1392099570.0,1392099570.0,"4,1"
1392099570.0,1392099570.0,1
1392099571.0,1392099571.0,"4,1"
1392099571.0,1392099571.0,1
1392099572.0,1392099572.0,"4,1"
1392099572.0,1392099572.0,1
1392099573.0,1392099573.0,"4,1"
1392099573.0,1392099573.0,1
1392099574.0,1392099574.0,"4,1"
1392099574.0,1392099574.0,1
1392099575.0,1392099575.0,"4,1"
1392099575.0,1392099575.0,1
1392099576.0,1392099576.0,"4,1"
1392099576.0,1392099576.0,1
1392099577.0,1392099577.0,"4,1"
1392099577.0,1392099577.0,1
1392099578.0,1392099578.0,"4,1"
1392099578.0,1392099578.0,1
1392099579.0,1392099579.0,"4,1"
1392099579.0,1392099579.0,1
1392099580.0,1392099580.0,"4,1"
1392099580.0,1392099580.0,1
1392099581.0,1392099581.0,"4,1"
1392099581.0,1392099581.0,1
1392099582.0,1392099582.0,"4,1"
1392099582.0,1392099582.0,1
1392099583.0,1392099583.0,"4,1"
1392099583.0,1392099583.0,1
1392099584.0,1392099584.0,"4,1"
1392099584.0,1392099584.0,1
1392099585.0,1392099585.0,"4,1"
1392099585.0,1392099585.0,1
1392099586.0,1392099586.0,"4,1"
1392099586.0,1392099586.0,1
1392099587.0,1392099587.0,"4,1"
1392099587.0,1392099587.0,1
1392099588.0,1392099588.0,"4,1"
1392099588.0,1392099588.0,1
1392099589.0,1392099589.0,"4,1"
1392099589.0,1392099589.0,1
1392099590.0,1392099590.0,"4,1"
1392099590.0,1392099590.0,1
1392099591.0,1392099591.0,"4,1"
1392099591.0,1392099591.0,1
1392099592.0,1392099592.0,"4,1"
1392099592.0,1392099592.0,1
1392099593.0,1392099593.0,"4,1"
1392099593.0,1392099593.0,1
1392099594.0,1392099594.0,"4,1"
1392099594.0,1392099594.0,1
1392099595.0,1392099595.0,"4,1"
1392099595.0,1392099595.0,1
1392099596.0,1392099596.0,"4,1"
1392099596.0,1392099596.0,1
1392099597.0,1392099597.0,"4,1"
1392099597.0,1392099597.0,1
1392099598.0,1392099598.0,"4,1"
1392099598.0,1392099598.0,1
1392099599.0,1392099599.0,"4,1"
1392099599.0,1392099599.0,1
1392099600.0,1392099600.0,"4,1"
1392099600.0,1392099600.0,1
1392099601.0,1392099601.0,"4,1"
1392099601.0,1392099601.0,1
1392099602.0,1392099602.0,"4,1"
1392099602.0,1392099602.0,1
1392099603.0,1392099603.0,"4,1"
1392099603.0,1392099603.0,1
1392099604.0,1392099604.0,"4,1"
1392099604.0,1392099604.0,1
1392099605.0,1392099605.0,"4,1"
1392099605.0,1392099605.0,1
1392099606.0,1392099606.0,"4,1"
1392099606.0,1392099606.0,1
1392099607.0,1392099607.0,"4,1"
1392099607.0,1392099607.0,1
1392099608.0,1392099608.0,"4,1"
1392099608.0,1392099608.0,1
1392099609.0,1392099609.0,"4,1"
1392099609.0,1392099609.0,1
1392099610.0,1392099610.0,"4,1"
1392099610.0,1392099610.0,1
1392099611.0,1392099611.0,"4,1"
1392099611.0,1392099611.0,1
1392099612.0,1392099612.0,"4,1"
1392099612.0,1392099612.0,1
1392099613.0,1392099613.0,"4,1"
1392099613.0,1392099613.0,1
1392099614.0,1392099614.0,"4,1"
1392099614.0,1392099614.0,1
1392099615.0,1392099615.0,"4,1"
1392099615.0,1392099615.0,1
1392099616.0,1392099616.0,"4,1"
1392099616.0,1392099616.0,1
1392099617.0,1392099617.0,"4,1"
1392099617.0,1392099617.0,1
1392099618.0,1392099618.0,"4,1"
1392099618.0,1392099618.0,1
1392099619.0,1392099619.0,"4,1"
1392099619.0,1392099619.0,1
1392099620.0,1392099620.0,"4,1"
1392099620.0,1392099620.0,1
1392099621.0,1392099621.0,"4,1"
1392099621.0,1392099621.0,1
1392099622.0,1392099622.0,"4,1"
1392099622.0,1392099622.0,1
1392099623.0,1392099623.0,"4,1"
1392099623.0,1392099623.0,1
1392099624.0,1392099624.0,"4,1"
1392099624.0,1392099624.0,1
1392099625.0,1392099625.0,"4,1"
1392099625.0,1392099625.0,1
1392099626.0,1392099626.0,"4,1"
1392099626.0,1392099626.0,1
1392099627.0,1392099627.0,"4,1"
1392099627.0,1392099627.0,1
1392099628.0,1392099628.0,"4,1"
1392099628.0,1392099628.0,1
1392099629.0,1392099629.0,"4,1"
1392099629.0,1392099629.0,1
1392099630.0,1392099630.0,"4,1"
1392099630.0,1392099630.0,1
1392099631.0,1392099631.0,"4,1"
1392099631.0,1392099631.0,1
1392099632.0,1392099632.0,"4,1"
1392099632.0,1392099632.0,1
1392099633.0,1392099633.0,"4,1"
1392099633.0,1392099633.0,1
1392099634.0,1392099634.0,"4,1"
1392099634.0,1392099634.0,1
1392099635.0,1392099635.0,"4,1"
1392099635.0,1392099635.0,1
1392099636.0,1392099636.0,"4,1"
1392099636.0,1392099636.0,1
1392099637.0,1392099637.0,"4,1"
1392099637.0,1392099637.0,1
1392099638.0,1392099638.0,"4,1"
1392099638.0,1392099638.0,1
1392099639.0,1392099639.0,"4,1"
1392099639.0,1392099639.0,1
1392099640.0,1392099640.0,"4,1"
1392099640.0,1392099640.0,1
1392099641.0,1392099641.0,"4,1"
1392099641.0,1392099641.0,1
1392099642.0,1392099642.0,"4,1"
1392099642.0,1392099642.0,1
1392099643.0,1392099643.0,"4,1"
1392099643.0,1392099643.0,1
1392099644.0,1392099644.0,"4,1"
1392099644.0,1392099644.0,1
1392099645.0,1392099645.0,"4,1"
1392099645.0,1392099645.0,1
1392099646.0,1392099646.0,"4,1"
1392099646.0,1392099646.0,1
1392099647.0,1392099647.0,"4,1"
1392099647.0,1392099647.0,1
1392099648.0,1392099648.0,"4,1"
1392099648.0,1392099648.0,1
1392099649.0,1392099649.0,"4,1"
1392099649.0,1392099649.0,1
1392099650.0,1392099650.0,"4,1"
1392099650.0,1392099650.0,1
1392099651.0,1392099651.0,"4,1"
1392099651.0,1392099651.0,1
1392099652.0,1392099652.0,"4,1"
1392099652.0,1392099652.0,1
1392099653.0,1392099653.0,"4,1"
1392099653.0,1392099653.0,1
1392099654.0,1392099654.0,"4,1"
1392099654.0,1392099654.0,1
1392099655.0,1392099655.0,"4,1"
1392099655.0,1392099655.0,1
1392099656.0,1392099656.0,"4,1"
1392099656.0,1392099656.0,1
1392099657.0,1392099657.0,"4,1"
1392099657.0,1392099657.0,1
1392099658.0,1392099658.0,"4,1"
1392099658.0,1392099658.0,1
1392099659.0,1392099659.0,"4,1"
1392099659.0,1392099659.0,1
1392099660.0,1392099660.0,"4,1"
1392099660.0,1392099660.0,1
1392099661.0,1392099661.0,"4,1"
1392099661.0,1392099661.0,1
1392099662.0,1392099662.0,"4,1"
1392099662.0,1392099662.0,1
1392099663.0,1392099663.0,"4,1"
1392099663.0,1392099663.0,1
1392099664.0,1392099664.0,"4,1"
1392099664.0,1392099664.0,1
1392099665.0,1392099665.0,"4,1"
1392099665.0,1392099665.0,1
1392099666.0,1392099666.0,"4,1"
1392099666.0,1392099666.0,1
1392099667.0,1392099667.0,"4,1"
1392099667.0,1392099667.0,1
1392099668.0,1392099668.0,"4,1"
1392099668.0,1392099668.0,1
1392099669.0,1392099669.0,"4,1"
1392099669.0,1392099669.0,1
1392099670.0,1392099670.0,"4,1"
1392099670.0,1392099670.0,1
1392099671.0,1392099671.0,"4,1"
1392099671.0,1392099671.0,1
1392099672.0,1392099672.0,"4,1"
1392099672.0,1392099672.0,1
1392099673.0,1392099673.0,"4,1"
1392099673.0,1392099673.0,1
1392099674.0,1392099674.0,"4,1"
1392099674.0,1392099674.0,1
1392099675.0,1392099675.0,"4,1"
1392099675.0,1392099675.0,1
1392099676.0,1392099676.0,"4,1"
1392099676.0,1392099676.0,1
1392099677.0,1392099677.0,"4,1"
1392099677.0,1392099677.0,1
1392099678.0,1392099678.0,"4,1"
1392099678.0,1392099678.0,1
1392099679.0,1392099679.0,"4,1"
1392099679.0,1392099679.0,1
1392099680.0,1392099680.0,"4,1"
1392099680.0,1392099680.0,1
1392099681.0,1392099681.0,"4,1"
1392099681.0,1392099681.0,1
1392099682.0,1392099682.0,"4,1"
1392099682.0,1392099682.0,1
1392099683.0,1392099683.0,"4,1"
1392099683.0,1392099683.0,1
1392099684.0,1392099684.0,"4,1"
1392099684.0,1392099684.0,1
1392099685.0,1392099685.0,"4,1"
1392099685.0,1392099685.0,1
1392099686.0,1392099686.0,"4,1"
1392099686.0,1392099686.0,1
1392099687.0,1392099687.0,"4,1"
1392099687.0,1392099687.0,1
1392099688.0,1392099688.0,"4,1"
1392099688.0,1392099688.0,1
1392099689.0,1392099689.0,"4,1"
1392099689.0,1392099689.0,1
1392099690.0,1392099690.0,"4,1"
1392099690.0,1392099690.0,1
1392099691.0,1392099691.0,"4,1"
1392099691.0,1392099691.0,1
1392099692.0,1392099692.0,"4,1"
1392099692.0,1392099692.0,1
1392099693.0,1392099693.0,"4,1"
1392099693.0,1392099693.0,1
1392099694.0,1392099694.0,"4,1"
1392099694.0,1392099694.0,1
1392099695.0,1392099695.0,"4,1"
1392099695.0,1392099695.0,1
1392099696.0,1392099696.0,"4,1"
1392099696.0,1392099696.0,1
1392099697.0,1392099697.0,"4,1"
1392099697.0,1392099697.0,1
1392099698.0,1392099698.0,"4,1"
1392099698.0,1392099698.0,1
1392099699.0,1392099699.0,"4,1"
1392099699.0,1392099699.0,1
1392099700.0,1392099700.0,"4,1"
1392099700.0,1392099700.0,1
1392099701.0,1392099701.0,"4,1"
1392099701.0,1392099701.0,1
1392099702.0,1392099702.0,"4,1"
1392099702.0,1392099702.0,1
1392099703.0,1392099703.0,"4,1"
1392099703.0,1392099703.0,1
1392099704.0,1392099704.0,"4,1"
1392099704.0,1392099704.0,1
1392099705.0,1392099705.0,"4,1"
1392099705.0,1392099705.0,1
1392099706.0,1392099706.0,"4,1"
1392099706.0,1392099706.0,1
1392099707.0,1392099707.0,"4,1"
1392099707.0,1392099707.0,1
1392099708.0,1392099708.0,"4,1"
1392099708.0,1392099708.0,1
1392099709.0,1392099709.0,"4,1"
1392099709.0,1392099709.0,1
1392099710.0,1392099710.0,"4,1"
1392099710.0,1392099710.0,1
1392099711.0,1392099711.0,"4,1"
1392099711.0,1392099711.0,1
1392099712.0,1392099712.0,"4,1"
1392099712.0,1392099712.0,1
1392099713.0,1392099713.0,"4,1"
1392099713.0,1392099713.0,1
1392099714.0,1392099714.0,"4,1"
1392099714.0,1392099714.0,1
1392099715.0,1392099715.0,"4,1"
1392099715.0,1392099715.0,1
1392099716.0,1392099716.0,"4,1"
1392099716.0,1392099716.0,1
1392099717.0,1392099717.0,"4,1"
1392099717.0,1392099717.0,1
1392099718.0,1392099718.0,"4,1"
1392099718.0,1392099718.0,1
1392099719.0,1392099719.0,"4,1"
1392099719.0,1392099719.0,1
1392099720.0,1392099720.0,"4,1"
1392099720.0,1392099720.0,1
1392099721.0,1392099721.0,"4,1"
1392099721.0,1392099721.0,1
1392099722.0,1392099722.0,"4,1"
1392099722.0,1392099722.0,1
1392099723.0,1392099723.0,"4,1"
1392099723.0,1392099723.0,1
1392099724.0,1392099724.0,"4,1"
1392099724.0,1392099724.0,1
1392099725.0,1392099725.0,"4,1"
1392099725.0,1392099725.0,1
1392099726.0,1392099726.0,"4,1"
1392099726.0,1392099726.0,1
1392099727.0,1392099727.0,"4,1"
1392099727.0,1392099727.0,1
1392099728.0,1392099728.0,"4,1"
1392099728.0,1392099728.0,1
1392099729.0,1392099729.0,"4,1"
1392099729.0,1392099729.0,1
1392099730.0,1392099730.0,"4,1"
1392099730.0,1392099730.0,1
1392099731.0,1392099731.0,"4,1"
1392099731.0,1392099731.0,1
1392099732.0,1392099732.0,"4,1"
1392099732.0,1392099732.0,1
1392099733.0,1392099733.0,"4,1"
1392099733.0,1392099733.0,1
1392099734.0,1392099734.0,"4,1"
1392099734.0,1392099734.0,1
1392099735.0,1392099735.0,"4,1"
1392099735.0,1392099735.0,1
1392099736.0,1392099736.0,"4,1"
1392099736.0,1392099736.0,1
1392099737.0,1392099737.0,"4,1"
1392099737.0,1392099737.0,1
1392099738.0,1392099738.0,"4,1"
1392099738.0,1392099738.0,1
1392099739.0,1392099739.0,"4,1"
1392099739.0,1392099739.0,1
1392099740.0,1392099740.0,"4,1"
1392099740.0,1392099740.0,1
1392099741.0,1392099741.0,"4,1"
1392099741.0,1392099741.0,1
1392099742.0,1392099742.0,"4,1"
1392099742.0,1392099742.0,1
1392099743.0,1392099743.0,"4,1"
1392099743.0,1392099743.0,1
1392099744.0,1392099744.0,"4,1"
1392099744.0,1392099744.0,1
1392099745.0,1392099745.0,"4,1"
1392099745.0,1392099745.0,1
1392099746.0,1392099746.0,"4,1"
1392099746.0,1392099746.0,1
1392099747.0,1392099747.0,"4,1"
1392099747.0,1392099747.0,1
1392099748.0,1392099748.0,"4,1"
1392099748.0,1392099748.0,1
1392099749.0,1392099749.0,"4,1"
1392099749.0,1392099749.0,1
1392099750.0,1392099750.0,"4,1"
1392099750.0,1392099750.0,1
1392099751.0,1392099751.0,"4,1"
1392099751.0,1392099751.0,1
1392099752.0,1392099752.0,"4,1"
1392099752.0,1392099752.0,1
1392099753.0,1392099753.0,"4,1"
1392099753.0,1392099753.0,1
1392099754.0,1392099754.0,"4,1"
1392099754.0,1392099754.0,1
1392099755.0,1392099755.0,"4,1"
1392099755.0,1392099755.0,1
1392099756.0,1392099756.0,"4,1"
1392099756.0,1392099756.0,1
1392099757.0,1392099757.0,"4,1"
1392099757.0,1392099757.0,1
1392099758.0,1392099758.0,"4,1"
1392099758.0,1392099758.0,1
1392099759.0,1392099759.0,"4,1"
1392099759.0,1392099759.0,1
1392099760.0,1392099760.0,"4,1"
1392099760.0,1392099760.0,1
1392099761.0,1392099761.0,"4,1"
1392099761.0,1392099761.0,1
1392099762.0,1392099762.0,"4,1"
1392099762.0,1392099762.0,1
1392099763.0,1392099763.0,"4,1"
1392099763.0,1392099763.0,1
1392099764.0,1392099764.0,"4,1"
1392099764.0,1392099764.0,1
1392099765.0,1392099765.0,"4,1"
1392099765.0,1392099765.0,1
1392099766.0,1392099766.0,"4,1"
1392099766.0,1392099766.0,1
1392099767.0,1392099767.0,"4,1"
1392099767.0,1392099767.0,1
1392099768.0,1392099768.0,"4,1"
1392099768.0,1392099768.0,1
1392099769.0,1392099769.0,"4,1"
1392099769.0,1392099769.0,1
1392099770.0,1392099770.0,"4,1"
1392099770.0,1392099770.0,1
1392099771.0,1392099771.0,"4,1"
1392099771.0,1392099771.0,1
1392099772.0,1392099772.0,"4,1"
1392099772.0,1392099772.0,1
1392099773.0,1392099773.0,"4,1"
1392099773.0,1392099773.0,1
1392099774.0,1392099774.0,"4,1"
1392099774.0,1392099774.0,1
1392099775.0,1392099775.0,"4,1"
1392099775.0,1392099775.0,1
1392099776.0,1392099776.0,"4,1"
1392099776.0,1392099776.0,1
1392099777.0,1392099777.0,"4,1"
1392099777.0,1392099777.0,1
1392099778.0,1392099778.0,"4,1"
1392099778.0,1392099778.0,1
1392099779.0,1392099779.0,"4,1"
