1392107813.0,1392107813.0.1,4
1392107813.0,1392107813.0,3
1392107813.0,1392107813.0,"4,3"
1392107813.0,1392107813.0,4
1392107814.0,1392107814.0,"4,3"
1392107814.0,1392107814.0,4
1392107814.0,1392107814.0,3
1392107815.0,1392107815.0,"4,3"
1392107815.0,1392107815.0,4
1392107815.0,1392107815.0,3
1392107816.0,1392107816.0,"4,3"
1392107816.0,1392107816.0,4
1392107816.0,1392107816.0,3
1392107817.0,1392107817.0,"4,3"
1392107817.0,1392107817.0,4
1392107817.0,1392107817.0,3
1392107818.0,1392107818.0,"4,3"
1392107818.0,1392107818.0,4
1392107818.0,1392107818.0,3
1392107819.0,1392107819.0,"4,3"
1392107819.0,1392107819.0,4
1392107819.0,1392107819.0,3
1392107820.0,1392107820.0,"4,3"
1392107820.0,1392107820.0,4
1392107820.0,1392107820.0,3
1392107821.0,1392107821.0,"4,3"
1392107821.0,1392107821.0,4
1392107821.0,1392107821.0,3
1392107822.0,1392107822.0,"4,3"
1392107822.0,1392107822.0,4
1392107822.0,1392107822.0,3
1392107823.0,1392107823.0,"4,3"
1392107823.0,1392107823.0,4
1392107823.0,1392107823.0,3
1392107824.0,1392107824.0,"4,3"
1392107824.0,1392107824.0,4
1392107824.0,1392107824.0,3
1392107825.0,1392107825.0,"4,3"
1392107825.0,1392107825.0,4
1392107825.0,1392107825.0,3
1392107826.0,1392107826.0,"4,3"
1392107826.0,1392107826.0,4
1392107826.0,1392107826.0,3
1392107827.0,1392107827.0,"4,3"
1392107827.0,1392107827.0,4
1392107827.0,1392107827.0,3
1392107828.0,1392107828.0,"4,3"
1392107828.0,1392107828.0,4
1392107828.0,1392107828.0,3
1392107829.0,1392107829.0,"4,3"
1392107829.0,1392107829.0,4
1392107829.0,1392107829.0,3
1392107830.0,1392107830.0,"4,3"
1392107830.0,1392107830.0,4
1392107830.0,1392107830.0,3
1392107831.0,1392107831.0,"4,3"
1392107831.0,1392107831.0,4
1392107831.0,1392107831.0,3
1392107832.0,1392107832.0,"4,3"
1392107832.0,1392107832.0,4
1392107832.0,1392107832.0,3
1392107833.0,1392107833.0,"4,3"
1392107833.0,1392107833.0,4
1392107833.0,1392107833.0,3
1392107834.0,1392107834.0,"4,3"
1392107834.0,1392107834.0,4
1392107834.0,1392107834.0,3
1392107835.0,1392107835.0,"4,3"
1392107835.0,1392107835.0,4
1392107835.0,1392107835.0,3
1392107836.0,1392107836.0,"4,3"
1392107836.0,1392107836.0,4
1392107836.0,1392107836.0,3
1392107837.0,1392107837.0,"4,3"
1392107837.0,1392107837.0,4
1392107837.0,1392107837.0,3
1392107838.0,1392107838.0,"4,3"
1392107838.0,1392107838.0,4
1392107838.0,1392107838.0,3
1392107839.0,1392107839.0,"4,3"
1392107839.0,1392107839.0,4
1392107839.0,1392107839.0,3
1392107840.0,1392107840.0,"4,3"
1392107840.0,1392107840.0,4
1392107840.0,1392107840.0,3
1392107841.0,1392107841.0,"4,3"
1392107841.0,1392107841.0,4
1392107841.0,1392107841.0,3
1392107842.0,1392107842.0,"4,3"
1392107842.0,1392107842.0,4
1392107842.0,1392107842.0,3
1392107843.0,1392107843.0,"4,3"
1392107843.0,1392107843.0,4
1392107843.0,1392107843.0,3
1392107844.0,1392107844.0,"4,3"
1392107844.0,1392107844.0,4
1392107844.0,1392107844.0,3
1392107845.0,1392107845.0,"4,3"
1392107845.0,1392107845.0,4
1392107845.0,1392107845.0,3
1392107846.0,1392107846.0,"4,3"
1392107846.0,1392107846.0,4
1392107846.0,1392107846.0,3
1392107847.0,1392107847.0,"4,3"
1392107847.0,1392107847.0,4
1392107847.0,1392107847.0,3
1392107848.0,1392107848.0,"4,3"
1392107848.0,1392107848.0,4
1392107848.0,1392107848.0,3
1392107849.0,1392107849.0,"4,3"
1392107849.0,1392107849.0,4
1392107849.0,1392107849.0,3
1392107850.0,1392107850.0,"4,3"
1392107850.0,1392107850.0,4
1392107850.0,1392107850.0,3
1392107851.0,1392107851.0,"4,3"
1392107851.0,1392107851.0,4
1392107851.0,1392107851.0,3
1392107852.0,1392107852.0,"4,3"
1392107852.0,1392107852.0,4
1392107852.0,1392107852.0,3
1392107853.0,1392107853.0,"4,3"
1392107853.0,1392107853.0,4
1392107853.0,1392107853.0,3
1392107854.0,1392107854.0,"4,3"
1392107854.0,1392107854.0,4
1392107854.0,1392107854.0,3
1392107855.0,1392107855.0,"4,3"
1392107855.0,1392107855.0,4
1392107855.0,1392107855.0,3
1392107856.0,1392107856.0,"4,3"
1392107856.0,1392107856.0,4
1392107856.0,1392107856.0,3
1392107857.0,1392107857.0,"4,3"
1392107857.0,1392107857.0,4
1392107857.0,1392107857.0,3
1392107858.0,1392107858.0,"4,3"
1392107858.0,1392107858.0,4
1392107858.0,1392107858.0,3
1392107859.0,1392107859.0,"4,3"
1392107859.0,1392107859.0,4
1392107859.0,1392107859.0,3
1392107860.0,1392107860.0,"4,3"
1392107860.0,1392107860.0,4
1392107860.0,1392107860.0,3
1392107861.0,1392107861.0,"4,3"
1392107861.0,1392107861.0,4
1392107861.0,1392107861.0,3
1392107862.0,1392107862.0,"4,3"
1392107862.0,1392107862.0,4
1392107862.0,1392107862.0,3
1392107863.0,1392107863.0,"4,3"
1392107863.0,1392107863.0,4
1392107863.0,1392107863.0,3
1392107864.0,1392107864.0,"4,3"
1392107864.0,1392107864.0,4
1392107864.0,1392107864.0,3
1392107865.0,1392107865.0,"4,3"
1392107865.0,1392107865.0,4
1392107865.0,1392107865.0,3
1392107866.0,1392107866.0,"4,3"
1392107866.0,1392107866.0,4
1392107866.0,1392107866.0,3
1392107867.0,1392107867.0,"4,3"
1392107867.0,1392107867.0,4
1392107867.0,1392107867.0,3
1392107868.0,1392107868.0,"4,3"
1392107868.0,1392107868.0,4
1392107868.0,1392107868.0,3
1392107869.0,1392107869.0,"4,3"
1392107869.0,1392107869.0,4
1392107869.0,1392107869.0,3
1392107870.0,1392107870.0,"4,3"
1392107870.0,1392107870.0,4
1392107870.0,1392107870.0,3
1392107871.0,1392107871.0,"4,3"
1392107871.0,1392107871.0,4
1392107871.0,1392107871.0,3
1392107872.0,1392107872.0,"4,3"
1392107872.0,1392107872.0,4
1392107872.0,1392107872.0,3
1392107873.0,1392107873.0,"4,3"
1392107873.0,1392107873.0,4
1392107873.0,1392107873.0,3
1392107874.0,1392107874.0,"4,3"
1392107874.0,1392107874.0,4
1392107874.0,1392107874.0,3
1392107875.0,1392107875.0,"4,3"
1392107875.0,1392107875.0,4
1392107875.0,1392107875.0,3
1392107876.0,1392107876.0,"4,3"
1392107876.0,1392107876.0,4
1392107876.0,1392107876.0,3
1392107877.0,1392107877.0,"4,3"
1392107877.0,1392107877.0,4
1392107877.0,1392107877.0,3
1392107878.0,1392107878.0,"4,3"
1392107878.0,1392107878.0,4
1392107878.0,1392107878.0,3
1392107879.0,1392107879.0,"4,3"
1392107879.0,1392107879.0,4
1392107879.0,1392107879.0,3
1392107880.0,1392107880.0,"4,3"
1392107880.0,1392107880.0,4
1392107880.0,1392107880.0,3
1392107881.0,1392107881.0,"4,3"
1392107881.0,1392107881.0,4
1392107881.0,1392107881.0,3
1392107882.0,1392107882.0,"4,3"
1392107882.0,1392107882.0,4
1392107882.0,1392107882.0,3
1392107883.0,1392107883.0,"4,3"
1392107883.0,1392107883.0,4
1392107883.0,1392107883.0,3
1392107884.0,1392107884.0,"4,3"
1392107884.0,1392107884.0,4
1392107884.0,1392107884.0,3
1392107885.0,1392107885.0,"4,3"
1392107885.0,1392107885.0,4
1392107885.0,1392107885.0,3
1392107886.0,1392107886.0,"4,3"
1392107886.0,1392107886.0,4
1392107886.0,1392107886.0,3
1392107887.0,1392107887.0,"4,3"
1392107887.0,1392107887.0,4
1392107887.0,1392107887.0,3
1392107888.0,1392107888.0,"4,3"
1392107888.0,1392107888.0,4
1392107888.0,1392107888.0,3
1392107889.0,1392107889.0,"4,3"
1392107889.0,1392107889.0,4
1392107889.0,1392107889.0,3
1392107890.0,1392107890.0,"4,3"
1392107890.0,1392107890.0,4
1392107890.0,1392107890.0,3
1392107891.0,1392107891.0,"4,3"
1392107891.0,1392107891.0,4
1392107891.0,1392107891.0,3
1392107892.0,1392107892.0,"4,3"
1392107892.0,1392107892.0,4
1392107892.0,1392107892.0,3
1392107893.0,1392107893.0,"4,3"
1392107893.0,1392107893.0,4
1392107893.0,1392107893.0,3
1392107894.0,1392107894.0,"4,3"
1392107894.0,1392107894.0,4
1392107894.0,1392107894.0,3
1392107895.0,1392107895.0,"4,3"
1392107895.0,1392107895.0,4
1392107895.0,1392107895.0,3
1392107896.0,1392107896.0,"4,3"
1392107896.0,1392107896.0,4
1392107896.0,1392107896.0,3
1392107897.0,1392107897.0,"4,3"
1392107897.0,1392107897.0,4
1392107897.0,1392107897.0,3
1392107898.0,1392107898.0,"4,3"
1392107898.0,1392107898.0,4
1392107898.0,1392107898.0,3
1392107899.0,1392107899.0,"4,3"
1392107899.0,1392107899.0,4
1392107899.0,1392107899.0,3
1392107900.0,1392107900.0,"4,3"
1392107900.0,1392107900.0,4
1392107900.0,1392107900.0,3
1392107901.0,1392107901.0,"4,3"
1392107901.0,1392107901.0,4
1392107901.0,1392107901.0,3
1392107902.0,1392107902.0,"4,3"
1392107902.0,1392107902.0,4
1392107902.0,1392107902.0,3
1392107903.0,1392107903.0,"4,3"
1392107903.0,1392107903.0,4
1392107903.0,1392107903.0,3
1392107904.0,1392107904.0,"4,3"
1392107904.0,1392107904.0,4
1392107904.0,1392107904.0,3
1392107905.0,1392107905.0,"4,3"
1392107905.0,1392107905.0,4
1392107905.0,1392107905.0,3
1392107906.0,1392107906.0,"4,3"
1392107906.0,1392107906.0,4
1392107906.0,1392107906.0,3
1392107907.0,1392107907.0,"4,3"
1392107907.0,1392107907.0,4
1392107907.0,1392107907.0,3
1392107908.0,1392107908.0,"4,3"
1392107908.0,1392107908.0,4
1392107908.0,1392107908.0,3
1392107909.0,1392107909.0,"4,3"
1392107909.0,1392107909.0,4
1392107909.0,1392107909.0,3
1392107910.0,1392107910.0,"4,3"
1392107910.0,1392107910.0,4
1392107910.0,1392107910.0,3
1392107911.0,1392107911.0,"4,3"
1392107911.0,1392107911.0,4
1392107911.0,1392107911.0,3
1392107912.0,1392107912.0,"4,3"
1392107912.0,1392107912.0,4
1392107912.0,1392107912.0,3
1392107913.0,1392107913.0,"4,3"
1392107913.0,1392107913.0,4
1392107913.0,1392107913.0,3
1392107914.0,1392107914.0,"4,3"
1392107914.0,1392107914.0,4
1392107914.0,1392107914.0,3
1392107915.0,1392107915.0,"4,3"
1392107915.0,1392107915.0,4
1392107915.0,1392107915.0,3
1392107916.0,1392107916.0,"4,3"
1392107916.0,1392107916.0,4
1392107916.0,1392107916.0,3
1392107917.0,1392107917.0,"4,3"
1392107917.0,1392107917.0,4
1392107917.0,1392107917.0,3
1392107918.0,1392107918.0,"4,3"
1392107918.0,1392107918.0,4
1392107918.0,1392107918.0,3
1392107919.0,1392107919.0,"4,3"
1392107919.0,1392107919.0,4
1392107919.0,1392107919.0,3
1392107920.0,1392107920.0,"4,3"
1392107920.0,1392107920.0,4
1392107920.0,1392107920.0,3
1392107921.0,1392107921.0,"4,3"
1392107921.0,1392107921.0,4
1392107921.0,1392107921.0,3
1392107922.0,1392107922.0,"4,3"
1392107922.0,1392107922.0,4
1392107922.0,1392107922.0,3
1392107923.0,1392107923.0,"4,3"
1392107923.0,1392107923.0,4
1392107923.0,1392107923.0,3
1392107924.0,1392107924.0,"4,3"
1392107924.0,1392107924.0,4
1392107924.0,1392107924.0,3
1392107925.0,1392107925.0,"4,3"
1392107925.0,1392107925.0,4
1392107925.0,1392107925.0,3
1392107926.0,1392107926.0,"4,3"
1392107926.0,1392107926.0,4
1392107926.0,1392107926.0,3
1392107927.0,1392107927.0,"4,3"
1392107927.0,1392107927.0,4
1392107927.0,1392107927.0,3
1392107928.0,1392107928.0,"4,3"
1392107928.0,1392107928.0,4
1392107928.0,1392107928.0,3
1392107929.0,1392107929.0,"4,3"
1392107929.0,1392107929.0,4
1392107929.0,1392107929.0,3
1392107930.0,1392107930.0,"4,3"
1392107930.0,1392107930.0,4
1392107930.0,1392107930.0,3
1392107931.0,1392107931.0,"4,3"
1392107931.0,1392107931.0,4
1392107931.0,1392107931.0,3
1392107932.0,1392107932.0,"4,3"
1392107932.0,1392107932.0,4
1392107932.0,1392107932.0,3
1392107933.0,1392107933.0,"4,3"
1392107933.0,1392107933.0,4
1392107933.0,1392107933.0,3
1392107934.0,1392107934.0,"4,3"
1392107934.0,1392107934.0,4
1392107934.0,1392107934.0,3
1392107935.0,1392107935.0,"4,3"
1392107935.0,1392107935.0,4
1392107935.0,1392107935.0,3
1392107936.0,1392107936.0,"4,3"
1392107936.0,1392107936.0,4
1392107936.0,1392107936.0,3
1392107937.0,1392107937.0,"4,3"
1392107937.0,1392107937.0,4
1392107937.0,1392107937.0,3
1392107938.0,1392107938.0,"4,3"
1392107938.0,1392107938.0,4
1392107938.0,1392107938.0,3
1392107939.0,1392107939.0,"4,3"
1392107939.0,1392107939.0,4
1392107939.0,1392107939.0,3
1392107940.0,1392107940.0,"4,3"
1392107940.0,1392107940.0,4
1392107940.0,1392107940.0,3
1392107941.0,1392107941.0,"4,3"
1392107941.0,1392107941.0,4
1392107941.0,1392107941.0,3
1392107942.0,1392107942.0,"4,3"
1392107942.0,1392107942.0,4
1392107942.0,1392107942.0,3
1392107943.0,1392107943.0,"4,3"
1392107943.0,1392107943.0,4
1392107943.0,1392107943.0,3
1392107944.0,1392107944.0,"4,3"
1392107944.0,1392107944.0,4
1392107944.0,1392107944.0,3
1392107945.0,1392107945.0,"4,3"
1392107945.0,1392107945.0,4
1392107945.0,1392107945.0,3
1392107946.0,1392107946.0,"4,3"
1392107946.0,1392107946.0,4
1392107946.0,1392107946.0,3
1392107947.0,1392107947.0,"4,3"
1392107947.0,1392107947.0,4
1392107947.0,1392107947.0,3
1392107948.0,1392107948.0,"4,3"
1392107948.0,1392107948.0,4
1392107948.0,1392107948.0,3
1392107949.0,1392107949.0,"4,3"
1392107949.0,1392107949.0,4
1392107949.0,1392107949.0,3
1392107950.0,1392107950.0,"4,3"
1392107950.0,1392107950.0,4
1392107950.0,1392107950.0,3
1392107951.0,1392107951.0,"4,3"
1392107951.0,1392107951.0,4
1392107951.0,1392107951.0,3
1392107952.0,1392107952.0,"4,3"
1392107952.0,1392107952.0,4
1392107952.0,1392107952.0,3
1392107953.0,1392107953.0,"4,3"
1392107953.0,1392107953.0,4
1392107953.0,1392107953.0,3
1392107954.0,1392107954.0,"4,3"
1392107954.0,1392107954.0,4
1392107954.0,1392107954.0,3
1392107955.0,1392107955.0,"4,3"
1392107955.0,1392107955.0,4
1392107955.0,1392107955.0,3
1392107956.0,1392107956.0,"4,3"
1392107956.0,1392107956.0,4
1392107956.0,1392107956.0,3
1392107957.0,1392107957.0,"4,3"
1392107957.0,1392107957.0,4
1392107957.0,1392107957.0,3
1392107958.0,1392107958.0,"4,3"
1392107958.0,1392107958.0,4
1392107958.0,1392107958.0,3
1392107959.0,1392107959.0,"4,3"
1392107959.0,1392107959.0,4
1392107959.0,1392107959.0,3
1392107960.0,1392107960.0,"4,3"
1392107960.0,1392107960.0,4
1392107960.0,1392107960.0,3
1392107961.0,1392107961.0,"4,3"
1392107961.0,1392107961.0,4
1392107961.0,1392107961.0,3
1392107962.0,1392107962.0,"4,3"
1392107962.0,1392107962.0,4
1392107962.0,1392107962.0,3
1392107963.0,1392107963.0,"4,3"
1392107963.0,1392107963.0,4
1392107963.0,1392107963.0,3
1392107964.0,1392107964.0,"4,3"
1392107964.0,1392107964.0,4
1392107964.0,1392107964.0,3
1392107965.0,1392107965.0,"4,3"
1392107965.0,1392107965.0,4
1392107965.0,1392107965.0,3
1392107966.0,1392107966.0,"4,3"
1392107966.0,1392107966.0,4
1392107966.0,1392107966.0,3
1392107967.0,1392107967.0,"4,3"
1392107967.0,1392107967.0,4
1392107967.0,1392107967.0,3
1392107968.0,1392107968.0,"4,3"
1392107968.0,1392107968.0,4
1392107968.0,1392107968.0,3
1392107969.0,1392107969.0,"4,3"
1392107969.0,1392107969.0,4
1392107969.0,1392107969.0,3
1392107970.0,1392107970.0,"4,3"
1392107970.0,1392107970.0,4
1392107970.0,1392107970.0,3
1392107971.0,1392107971.0,"4,3"
1392107971.0,1392107971.0,4
1392107971.0,1392107971.0,3
1392107972.0,1392107972.0,"4,3"
1392107972.0,1392107972.0,4
1392107972.0,1392107972.0,3
1392107973.0,1392107973.0,"4,3"
1392107973.0,1392107973.0,4
1392107973.0,1392107973.0,3
1392107974.0,1392107974.0,"4,3"
1392107974.0,1392107974.0,4
1392107974.0,1392107974.0,3
1392107975.0,1392107975.0,"4,3"
1392107975.0,1392107975.0,4
1392107975.0,1392107975.0,3
1392107976.0,1392107976.0,"4,3"
1392107976.0,1392107976.0,4
1392107976.0,1392107976.0,3
1392107977.0,1392107977.0,"4,3"
1392107977.0,1392107977.0,4
1392107977.0,1392107977.0,3
1392107978.0,1392107978.0,"4,3"
1392107978.0,1392107978.0,4
1392107978.0,1392107978.0,3
1392107979.0,1392107979.0,"4,3"
1392107979.0,1392107979.0,4
1392107979.0,1392107979.0,3
1392107980.0,1392107980.0,"4,3"
1392107980.0,1392107980.0,4
1392107980.0,1392107980.0,3
1392107981.0,1392107981.0,"4,3"
1392107981.0,1392107981.0,4
1392107981.0,1392107981.0,3
1392107982.0,1392107982.0,"4,3"
1392107982.0,1392107982.0,4
1392107982.0,1392107982.0,3
1392107983.0,1392107983.0,"4,3"
1392107983.0,1392107983.0,4
1392107983.0,1392107983.0,3
1392107984.0,1392107984.0,"4,3"
1392107984.0,1392107984.0,4
1392107984.0,1392107984.0,3
1392107985.0,1392107985.0,"4,3"
1392107985.0,1392107985.0,4
1392107985.0,1392107985.0,3
1392107986.0,1392107986.0,"4,3"
1392107986.0,1392107986.0,4
1392107986.0,1392107986.0,3
1392107987.0,1392107987.0,"4,3"
1392107987.0,1392107987.0,4
1392107987.0,1392107987.0,3
1392107988.0,1392107988.0,"4,3"
1392107988.0,1392107988.0,4
1392107988.0,1392107988.0,3
1392107989.0,1392107989.0,"4,3"
1392107989.0,1392107989.0,4
1392107989.0,1392107989.0,3
1392107990.0,1392107990.0,"4,3"
1392107990.0,1392107990.0,4
1392107990.0,1392107990.0,3
1392107991.0,1392107991.0,"4,3"
1392107991.0,1392107991.0,4
1392107991.0,1392107991.0,3
1392107992.0,1392107992.0,"4,3"
1392107992.0,1392107992.0,4
1392107992.0,1392107992.0,3
1392107993.0,1392107993.0,"4,3"
1392107993.0,1392107993.0,4
1392107993.0,1392107993.0,3
1392107994.0,1392107994.0,"4,3"
1392107994.0,1392107994.0,4
1392107994.0,1392107994.0,3
1392107995.0,1392107995.0,"4,3"
1392107995.0,1392107995.0,4
1392107995.0,1392107995.0,3
1392107996.0,1392107996.0,"4,3"
1392107996.0,1392107996.0,4
1392107996.0,1392107996.0,3
1392107997.0,1392107997.0,"4,3"
1392107997.0,1392107997.0,4
1392107997.0,1392107997.0,3
1392107998.0,1392107998.0,"4,3"
1392107998.0,1392107998.0,4
1392107998.0,1392107998.0,3
1392107999.0,1392107999.0,"4,3"
1392107999.0,1392107999.0,4
1392107999.0,1392107999.0,3
1392108000.0,1392108000.0,"4,3"
1392108000.0,1392108000.0,4
1392108000.0,1392108000.0,3
1392108001.0,1392108001.0,"4,3"
1392108001.0,1392108001.0,4
1392108001.0,1392108001.0,3
1392108002.0,1392108002.0,"4,3"
1392108002.0,1392108002.0,4
1392108002.0,1392108002.0,3
1392108003.0,1392108003.0,"4,3"
1392108003.0,1392108003.0,4
1392108003.0,1392108003.0,3
1392108004.0,1392108004.0,"4,3"
1392108004.0,1392108004.0,4
1392108004.0,1392108004.0,3
1392108005.0,1392108005.0,"4,3"
1392108005.0,1392108005.0,4
1392108005.0,1392108005.0,3
1392108006.0,1392108006.0,"4,3"
1392108006.0,1392108006.0,4
1392108006.0,1392108006.0,3
1392108007.0,1392108007.0,"4,3"
1392108007.0,1392108007.0,4
1392108007.0,1392108007.0,3
1392108008.0,1392108008.0,"4,3"
1392108008.0,1392108008.0,4
1392108008.0,1392108008.0,3
1392108009.0,1392108009.0,"4,3"
1392108009.0,1392108009.0,4
1392108009.0,1392108009.0,3
1392108010.0,1392108010.0,"4,3"
1392108010.0,1392108010.0,4
1392108010.0,1392108010.0,3
1392108011.0,1392108011.0,"4,3"
1392108011.0,1392108011.0,4
1392108011.0,1392108011.0,3
1392108012.0,1392108012.0,"4,3"
1392108012.0,1392108012.0,4
1392108012.0,1392108012.0,3
1392108013.0,1392108013.0,"4,3"
1392108013.0,1392108013.0,4
1392108013.0,1392108013.0,3
1392108014.0,1392108014.0,"4,3"
1392108014.0,1392108014.0,4
1392108014.0,1392108014.0,3
1392108015.0,1392108015.0,"4,3"
1392108015.0,1392108015.0,4
1392108015.0,1392108015.0,3
1392108016.0,1392108016.0,"4,3"
1392108016.0,1392108016.0,4
1392108016.0,1392108016.0,3
1392108017.0,1392108017.0,"4,3"
1392108017.0,1392108017.0,4
1392108017.0,1392108017.0,3
1392108018.0,1392108018.0,"4,3"
1392108018.0,1392108018.0,4
1392108018.0,1392108018.0,3
1392108019.0,1392108019.0,"4,3"
1392108019.0,1392108019.0,4
1392108019.0,1392108019.0,3
1392108020.0,1392108020.0,"4,3"
1392108020.0,1392108020.0,4
1392108020.0,1392108020.0,3
1392108021.0,1392108021.0,"4,3"
1392108021.0,1392108021.0,4
1392108021.0,1392108021.0,3
1392108022.0,1392108022.0,"4,3"
1392108022.0,1392108022.0,4
1392108022.0,1392108022.0,3
1392108023.0,1392108023.0,"4,3"
1392108023.0,1392108023.0,4
1392108023.0,1392108023.0,3
1392108024.0,1392108024.0,"4,3"
1392108024.0,1392108024.0,4
1392108024.0,1392108024.0,3
1392108025.0,1392108025.0,"4,3"
1392108025.0,1392108025.0,4
1392108025.0,1392108025.0,3
1392108026.0,1392108026.0,"4,3"
1392108026.0,1392108026.0,4
1392108026.0,1392108026.0,3
1392108027.0,1392108027.0,"4,3"
1392108027.0,1392108027.0,4
1392108027.0,1392108027.0,3
1392108028.0,1392108028.0,"4,3"
1392108028.0,1392108028.0,4
1392108028.0,1392108028.0,3
1392108029.0,1392108029.0,"4,3"
1392108029.0,1392108029.0,4
1392108029.0,1392108029.0,3
1392108030.0,1392108030.0,"4,3"
1392108030.0,1392108030.0,4
1392108030.0,1392108030.0,3
1392108031.0,1392108031.0,"4,3"
1392108031.0,1392108031.0,4
1392108031.0,1392108031.0,3
1392108032.0,1392108032.0,"4,3"
1392108032.0,1392108032.0,4
1392108032.0,1392108032.0,3
1392108033.0,1392108033.0,"4,3"
1392108033.0,1392108033.0,4
1392108033.0,1392108033.0,3
1392108034.0,1392108034.0,"4,3"
1392108034.0,1392108034.0,4
1392108034.0,1392108034.0,3
1392108035.0,1392108035.0,"4,3"
1392108035.0,1392108035.0,4
1392108035.0,1392108035.0,3
1392108036.0,1392108036.0,"4,3"
1392108036.0,1392108036.0,4
1392108036.0,1392108036.0,3
1392108037.0,1392108037.0,"4,3"
1392108037.0,1392108037.0,4
1392108037.0,1392108037.0,3
1392108038.0,1392108038.0,"4,3"
1392108038.0,1392108038.0,4
1392108038.0,1392108038.0,3
1392108039.0,1392108039.0,"4,3"
1392108039.0,1392108039.0,4
1392108039.0,1392108039.0,3
1392108040.0,1392108040.0,"4,3"
1392108040.0,1392108040.0,4
1392108040.0,1392108040.0,3
1392108041.0,1392108041.0,"4,3"
1392108041.0,1392108041.0,4
1392108041.0,1392108041.0,3
1392108042.0,1392108042.0,"4,3"
1392108042.0,1392108042.0,4
1392108042.0,1392108042.0,3
1392108043.0,1392108043.0,"4,3"
1392108043.0,1392108043.0,4
1392108043.0,1392108043.0,3
1392108044.0,1392108044.0,"4,3"
1392108044.0,1392108044.0,4
1392108044.0,1392108044.0,3
1392108045.0,1392108045.0,"4,3"
1392108045.0,1392108045.0,4
1392108045.0,1392108045.0,3
1392108046.0,1392108046.0,"4,3"
1392108046.0,1392108046.0,4
1392108046.0,1392108046.0,3
1392108047.0,1392108047.0,"4,3"
1392108047.0,1392108047.0,4
1392108047.0,1392108047.0,3
1392108048.0,1392108048.0,"4,3"
1392108048.0,1392108048.0,4
1392108048.0,1392108048.0,3
1392108049.0,1392108049.0,"4,3"
1392108049.0,1392108049.0,4
1392108049.0,1392108049.0,3
1392108050.0,1392108050.0,"4,3"
1392108050.0,1392108050.0,4
1392108050.0,1392108050.0,3
1392108051.0,1392108051.0,"4,3"
1392108051.0,1392108051.0,4
1392108051.0,1392108051.0,3
1392108052.0,1392108052.0,"4,3"
1392108052.0,1392108052.0,4
1392108052.0,1392108052.0,3
1392108053.0,1392108053.0,"4,3"
1392108053.0,1392108053.0,4
1392108053.0,1392108053.0,3
1392108054.0,1392108054.0,"4,3"
1392108054.0,1392108054.0,4
1392108054.0,1392108054.0,3
1392108055.0,1392108055.0,"4,3"
1392108055.0,1392108055.0,4
1392108055.0,1392108055.0,3
1392108056.0,1392108056.0,"4,3"
1392108056.0,1392108056.0,4
1392108056.0,1392108056.0,3
1392108057.0,1392108057.0,"4,3"
1392108057.0,1392108057.0,4
1392108057.0,1392108057.0,3
1392108058.0,1392108058.0,"4,3"
1392108058.0,1392108058.0,4
1392108058.0,1392108058.0,3
1392108059.0,1392108059.0,"4,3"
1392108059.0,1392108059.0,4
1392108059.0,1392108059.0,3
1392108060.0,1392108060.0,"4,3"
1392108060.0,1392108060.0,4
1392108060.0,1392108060.0,3
1392108061.0,1392108061.0,"4,3"
1392108061.0,1392108061.0,4
1392108061.0,1392108061.0,3
1392108062.0,1392108062.0,"4,3"
1392108062.0,1392108062.0,4
1392108062.0,1392108062.0,3
1392108063.0,1392108063.0,"4,3"
1392108063.0,1392108063.0,4
1392108063.0,1392108063.0,3
1392108064.0,1392108064.0,"4,3"
1392108064.0,1392108064.0,4
1392108064.0,1392108064.0,3
1392108065.0,1392108065.0,"4,3"
1392108065.0,1392108065.0,4
1392108065.0,1392108065.0,3
1392108066.0,1392108066.0,"4,3"
1392108066.0,1392108066.0,4
1392108066.0,1392108066.0,3
1392108067.0,1392108067.0,"4,3"
1392108067.0,1392108067.0,4
1392108067.0,1392108067.0,3
1392108068.0,1392108068.0,"4,3"
1392108068.0,1392108068.0,4
1392108068.0,1392108068.0,3
1392108069.0,1392108069.0,"4,3"
1392108069.0,1392108069.0,4
1392108069.0,1392108069.0,3
1392108070.0,1392108070.0,"4,3"
1392108070.0,1392108070.0,4
1392108070.0,1392108070.0,3
1392108071.0,1392108071.0,"4,3"
1392108071.0,1392108071.0,4
1392108071.0,1392108071.0,3
1392108072.0,1392108072.0,"4,3"
1392108072.0,1392108072.0,4
1392108072.0,1392108072.0,3
1392108073.0,1392108073.0,"4,3"
1392108073.0,1392108073.0,4
1392108073.0,1392108073.0,3
1392108074.0,1392108074.0,"4,3"
1392108074.0,1392108074.0,4
1392108074.0,1392108074.0,3
1392108075.0,1392108075.0,"4,3"
1392108075.0,1392108075.0,4
1392108075.0,1392108075.0,3
1392108076.0,1392108076.0,"4,3"
1392108076.0,1392108076.0,4
1392108076.0,1392108076.0,3
1392108077.0,1392108077.0,"4,3"
1392108077.0,1392108077.0,4
1392108077.0,1392108077.0,3
1392108078.0,1392108078.0,"4,3"
1392108078.0,1392108078.0,4
1392108078.0,1392108078.0,3
1392108079.0,1392108079.0,"4,3"
1392108079.0,1392108079.0,4
1392108079.0,1392108079.0,3
1392108080.0,1392108080.0,"4,3"
1392108080.0,1392108080.0,4
1392108080.0,1392108080.0,3
1392108081.0,1392108081.0,"4,3"
1392108081.0,1392108081.0,4
1392108081.0,1392108081.0,3
1392108082.0,1392108082.0,"4,3"
1392108082.0,1392108082.0,4
1392108082.0,1392108082.0,3
1392108083.0,1392108083.0,"4,3"
1392108083.0,1392108083.0,4
1392108083.0,1392108083.0,3
1392108084.0,1392108084.0,"4,3"
1392108084.0,1392108084.0,4
1392108084.0,1392108084.0,3
1392108085.0,1392108085.0,"4,3"
1392108085.0,1392108085.0,4
1392108085.0,1392108085.0,3
1392108086.0,1392108086.0,"4,3"
1392108086.0,1392108086.0,4
1392108086.0,1392108086.0,3
1392108087.0,1392108087.0,"4,3"
1392108087.0,1392108087.0,4
1392108087.0,1392108087.0,3
1392108088.0,1392108088.0,"4,3"
1392108088.0,1392108088.0,4
1392108088.0,1392108088.0,3
1392108089.0,1392108089.0,"4,3"
1392108089.0,1392108089.0,4
1392108089.0,1392108089.0,3
1392108090.0,1392108090.0,"4,3"
1392108090.0,1392108090.0,4
1392108090.0,1392108090.0,3
1392108091.0,1392108091.0,"4,3"
1392108091.0,1392108091.0,4
1392108091.0,1392108091.0,3
1392108092.0,1392108092.0,"4,3"
1392108092.0,1392108092.0,4
1392108092.0,1392108092.0,3
1392108093.0,1392108093.0,"4,3"
1392108093.0,1392108093.0,4
1392108093.0,1392108093.0,3
1392108094.0,1392108094.0,"4,3"
1392108094.0,1392108094.0,4
1392108094.0,1392108094.0,3
1392108095.0,1392108095.0,"4,3"
1392108095.0,1392108095.0,4
1392108095.0,1392108095.0,3
1392108096.0,1392108096.0,"4,3"
1392108096.0,1392108096.0,4
1392108096.0,1392108096.0,3
1392108097.0,1392108097.0,"4,3"
1392108097.0,1392108097.0,4
1392108097.0,1392108097.0,3
1392108098.0,1392108098.0,"4,3"
1392108098.0,1392108098.0,4
1392108098.0,1392108098.0,3
1392108099.0,1392108099.0,"4,3"
1392108099.0,1392108099.0,4
1392108099.0,1392108099.0,3
1392108100.0,1392108100.0,"4,3"
1392108100.0,1392108100.0,4
1392108100.0,1392108100.0,3
1392108101.0,1392108101.0,"4,3"
1392108101.0,1392108101.0,4
1392108101.0,1392108101.0,3
1392108102.0,1392108102.0,"4,3"
1392108102.0,1392108102.0,4
1392108102.0,1392108102.0,3
1392108103.0,1392108103.0,"4,3"
1392108103.0,1392108103.0,4
1392108103.0,1392108103.0,3
1392108104.0,1392108104.0,"4,3"
1392108104.0,1392108104.0,4
1392108104.0,1392108104.0,3
1392108105.0,1392108105.0,"4,3"
1392108105.0,1392108105.0,4
1392108105.0,1392108105.0,3
1392108106.0,1392108106.0,"4,3"
1392108106.0,1392108106.0,4
1392108106.0,1392108106.0,3
1392108107.0,1392108107.0,"4,3"
1392108107.0,1392108107.0,4
1392108107.0,1392108107.0,3
1392108108.0,1392108108.0,"4,3"
1392108108.0,1392108108.0,4
1392108108.0,1392108108.0,3
1392108109.0,1392108109.0,"4,3"
1392108109.0,1392108109.0,4
1392108109.0,1392108109.0,3
1392108110.0,1392108110.0,"4,3"
1392108110.0,1392108110.0,4
1392108110.0,1392108110.0,3
1392108111.0,1392108111.0,"4,3"
1392108111.0,1392108111.0,4
1392108111.0,1392108111.0,3
1392108112.0,1392108112.0,"4,3"
1392108112.0,1392108112.0,4
1392108112.0,1392108112.0,3
1392108113.0,1392108113.0,"4,3"
1392108113.0,1392108113.0,4
1392108113.0,1392108113.0,3
1392108114.0,1392108114.0,"4,3"
1392108114.0,1392108114.0,4
1392108114.0,1392108114.0,3
1392108115.0,1392108115.0,"4,3"
1392108115.0,1392108115.0,4
1392108115.0,1392108115.0,3
1392108116.0,1392108116.0,"4,3"
1392108116.0,1392108116.0,4
1392108116.0,1392108116.0,3
1392108117.0,1392108117.0,"4,3"
1392108117.0,1392108117.0,4
1392108117.0,1392108117.0,3
1392108118.0,1392108118.0,"4,3"
1392108118.0,1392108118.0,4
1392108118.0,1392108118.0,3
1392108119.0,1392108119.0,"4,3"
1392108119.0,1392108119.0,4
1392108119.0,1392108119.0,3
1392108120.0,1392108120.0,"4,3"
1392108120.0,1392108120.0,4
1392108120.0,1392108120.0,3
1392108121.0,1392108121.0,"4,3"
1392108121.0,1392108121.0,4
1392108121.0,1392108121.0,3
1392108122.0,1392108122.0,"4,3"
1392108122.0,1392108122.0,4
1392108122.0,1392108122.0,3
1392108123.0,1392108123.0,"4,3"
1392108123.0,1392108123.0,4
1392108123.0,1392108123.0,3
1392108124.0,1392108124.0,"4,3"
1392108124.0,1392108124.0,4
1392108124.0,1392108124.0,3
1392108125.0,1392108125.0,"4,3"
1392108125.0,1392108125.0,4
1392108125.0,1392108125.0,3
1392108126.0,1392108126.0,"4,3"
1392108126.0,1392108126.0,4
1392108126.0,1392108126.0,3
1392108127.0,1392108127.0,"4,3"
1392108127.0,1392108127.0,4
1392108127.0,1392108127.0,3
1392108128.0,1392108128.0,"4,3"
1392108128.0,1392108128.0,4
1392108128.0,1392108128.0,3
1392108129.0,1392108129.0,"4,3"
1392108129.0,1392108129.0,4
1392108129.0,1392108129.0,3
1392108130.0,1392108130.0,"4,3"
1392108130.0,1392108130.0,4
1392108130.0,1392108130.0,3
1392108131.0,1392108131.0,"4,3"
1392108131.0,1392108131.0,4
1392108131.0,1392108131.0,3
1392108132.0,1392108132.0,"4,3"
1392108132.0,1392108132.0,4
1392108132.0,1392108132.0,3
1392108133.0,1392108133.0,"4,3"
1392108133.0,1392108133.0,4
1392108133.0,1392108133.0,3
1392108134.0,1392108134.0,"4,3"
1392108134.0,1392108134.0,4
1392108134.0,1392108134.0,3
1392108135.0,1392108135.0,"4,3"
1392108135.0,1392108135.0,4
1392108135.0,1392108135.0,3
1392108136.0,1392108136.0,"4,3"
1392108136.0,1392108136.0,4
1392108136.0,1392108136.0,3
1392108137.0,1392108137.0,"4,3"
1392108137.0,1392108137.0,4
1392108137.0,1392108137.0,3
1392108138.0,1392108138.0,"4,3"
1392108138.0,1392108138.0,4
1392108138.0,1392108138.0,3
1392108139.0,1392108139.0,"4,3"
1392108139.0,1392108139.0,4
1392108139.0,1392108139.0,3
1392108140.0,1392108140.0,"4,3"
1392108140.0,1392108140.0,4
1392108140.0,1392108140.0,3
1392108141.0,1392108141.0,"4,3"
1392108141.0,1392108141.0,4
1392108141.0,1392108141.0,3
1392108142.0,1392108142.0,"4,3"
1392108142.0,1392108142.0,4
1392108142.0,1392108142.0,3
1392108143.0,1392108143.0,"4,3"
1392108143.0,1392108143.0,4
1392108143.0,1392108143.0,3
1392108144.0,1392108144.0,"4,3"
1392108144.0,1392108144.0,4
1392108144.0,1392108144.0,3
1392108145.0,1392108145.0,"4,3"
1392108145.0,1392108145.0,4
1392108145.0,1392108145.0,3
1392108146.0,1392108146.0,"4,3"
1392108146.0,1392108146.0,4
1392108146.0,1392108146.0,3
1392108147.0,1392108147.0,"4,3"
1392108147.0,1392108147.0,4
1392108147.0,1392108147.0,3
1392108148.0,1392108148.0,"4,3"
1392108148.0,1392108148.0,4
1392108148.0,1392108148.0,3
1392108149.0,1392108149.0,"4,3"
1392108149.0,1392108149.0,4
1392108149.0,1392108149.0,3
1392108150.0,1392108150.0,"4,3"
1392108150.0,1392108150.0,4
1392108150.0,1392108150.0,3
1392108151.0,1392108151.0,"4,3"
1392108151.0,1392108151.0,4
1392108151.0,1392108151.0,3
1392108152.0,1392108152.0,"4,3"
1392108152.0,1392108152.0,4
1392108152.0,1392108152.0,3
1392108153.0,1392108153.0,"4,3"
1392108153.0,1392108153.0,4
1392108153.0,1392108153.0,3
1392108154.0,1392108154.0,"4,3"
1392108154.0,1392108154.0,4
1392108154.0,1392108154.0,3
1392108155.0,1392108155.0,"4,3"
1392108155.0,1392108155.0,4
1392108155.0,1392108155.0,3
1392108156.0,1392108156.0,"4,3"
1392108156.0,1392108156.0,4
1392108156.0,1392108156.0,3
1392108157.0,1392108157.0,"4,3"
1392108157.0,1392108157.0,4
1392108157.0,1392108157.0,3
1392108158.0,1392108158.0,"4,3"
1392108158.0,1392108158.0,4
1392108158.0,1392108158.0,3
1392108159.0,1392108159.0,"4,3"
1392108159.0,1392108159.0,4
1392108159.0,1392108159.0,3
1392108160.0,1392108160.0,"4,3"
1392108160.0,1392108160.0,4
1392108160.0,1392108160.0,3
1392108161.0,1392108161.0,"4,3"
1392108161.0,1392108161.0,4
1392108161.0,1392108161.0,3
1392108162.0,1392108162.0,"4,3"
1392108162.0,1392108162.0,4
1392108162.0,1392108162.0,3
1392108163.0,1392108163.0,"4,3"
1392108163.0,1392108163.0,4
1392108163.0,1392108163.0,3
1392108164.0,1392108164.0,"4,3"
1392108164.0,1392108164.0,4
1392108164.0,1392108164.0,3
1392108165.0,1392108165.0,"4,3"
1392108165.0,1392108165.0,4
1392108165.0,1392108165.0,3
1392108166.0,1392108166.0,"4,3"
1392108166.0,1392108166.0,4
1392108166.0,1392108166.0,3
1392108167.0,1392108167.0,"4,3"
1392108167.0,1392108167.0,4
1392108167.0,1392108167.0,3
1392108168.0,1392108168.0,"4,3"
1392108168.0,1392108168.0,4
1392108168.0,1392108168.0,3
1392108169.0,1392108169.0,"4,3"
1392108169.0,1392108169.0,4
1392108169.0,1392108169.0,3
1392108170.0,1392108170.0,"4,3"
1392108170.0,1392108170.0,4
1392108170.0,1392108170.0,3
1392108171.0,1392108171.0,"4,3"
1392108171.0,1392108171.0,4
1392108171.0,1392108171.0,3
1392108172.0,1392108172.0,"4,3"
1392108172.0,1392108172.0,4
1392108172.0,1392108172.0,3
1392108173.0,1392108173.0,"4,3"
1392108173.0,1392108173.0,4
1392108173.0,1392108173.0,3
1392108174.0,1392108174.0,"4,3"
1392108174.0,1392108174.0,4
1392108174.0,1392108174.0,3
1392108175.0,1392108175.0,"4,3"
1392108175.0,1392108175.0,4
1392108175.0,1392108175.0,3
1392108176.0,1392108176.0,"4,3"
1392108176.0,1392108176.0,4
1392108176.0,1392108176.0,3
1392108177.0,1392108177.0,"4,3"
1392108177.0,1392108177.0,4
1392108177.0,1392108177.0,3
1392108178.0,1392108178.0,"4,3"
1392108178.0,1392108178.0,4
1392108178.0,1392108178.0,3
1392108179.0,1392108179.0,"4,3"
1392108179.0,1392108179.0,4
1392108179.0,1392108179.0,3
1392108180.0,1392108180.0,"4,3"
1392108180.0,1392108180.0,4
1392108180.0,1392108180.0,3
1392108181.0,1392108181.0,"4,3"
1392108181.0,1392108181.0,4
1392108181.0,1392108181.0,3
1392108182.0,1392108182.0,"4,3"
1392108182.0,1392108182.0,4
1392108182.0,1392108182.0,3
1392108183.0,1392108183.0,"4,3"
1392108183.0,1392108183.0,4
1392108183.0,1392108183.0,3
1392108184.0,1392108184.0,"4,3"
1392108184.0,1392108184.0,4
1392108184.0,1392108184.0,3
1392108185.0,1392108185.0,"4,3"
1392108185.0,1392108185.0,4
1392108185.0,1392108185.0,3
1392108186.0,1392108186.0,"4,3"
1392108186.0,1392108186.0,4
1392108186.0,1392108186.0,3
1392108187.0,1392108187.0,"4,3"
1392108187.0,1392108187.0,4
1392108187.0,1392108187.0,3
1392108188.0,1392108188.0,"4,3"
1392108188.0,1392108188.0,4
1392108188.0,1392108188.0,3
1392108189.0,1392108189.0,"4,3"
1392108189.0,1392108189.0,4
1392108189.0,1392108189.0,3
1392108190.0,1392108190.0,"4,3"
1392108190.0,1392108190.0,4
1392108190.0,1392108190.0,3
1392108191.0,1392108191.0,"4,3"
1392108191.0,1392108191.0,4
1392108191.0,1392108191.0,3
1392108192.0,1392108192.0,"4,3"
1392108192.0,1392108192.0,4
1392108192.0,1392108192.0,3
1392108193.0,1392108193.0,"4,3"
1392108193.0,1392108193.0,4
1392108193.0,1392108193.0,3
1392108194.0,1392108194.0,"4,3"
1392108194.0,1392108194.0,4
1392108194.0,1392108194.0,3
1392108195.0,1392108195.0,"4,3"
1392108195.0,1392108195.0,4
1392108195.0,1392108195.0,3
1392108196.0,1392108196.0,"4,3"
1392108196.0,1392108196.0,4
1392108196.0,1392108196.0,3
1392108197.0,1392108197.0,"4,3"
1392108197.0,1392108197.0,4
1392108197.0,1392108197.0,3
1392108198.0,1392108198.0,"4,3"
1392108198.0,1392108198.0,4
1392108198.0,1392108198.0,3
1392108199.0,1392108199.0,"4,3"
1392108199.0,1392108199.0,4
1392108199.0,1392108199.0,3
1392108200.0,1392108200.0,"4,3"
1392108200.0,1392108200.0,4
1392108200.0,1392108200.0,3
1392108201.0,1392108201.0,"4,3"
1392108201.0,1392108201.0,4
1392108201.0,1392108201.0,3
1392108202.0,1392108202.0,"4,3"
1392108202.0,1392108202.0,4
1392108202.0,1392108202.0,3
1392108203.0,1392108203.0,"4,3"
1392108203.0,1392108203.0,4
1392108203.0,1392108203.0,3
1392108204.0,1392108204.0,"4,3"
1392108204.0,1392108204.0,4
1392108204.0,1392108204.0,3
1392108205.0,1392108205.0,"4,3"
1392108205.0,1392108205.0,4
1392108205.0,1392108205.0,3
1392108206.0,1392108206.0,"4,3"
1392108206.0,1392108206.0,4
1392108206.0,1392108206.0,3
1392108207.0,1392108207.0,"4,3"
1392108207.0,1392108207.0,4
1392108207.0,1392108207.0,3
1392108208.0,1392108208.0,"4,3"
1392108208.0,1392108208.0,4
1392108208.0,1392108208.0,3
1392108209.0,1392108209.0,"4,3"
1392108209.0,1392108209.0,4
1392108209.0,1392108209.0,3
1392108210.0,1392108210.0,"4,3"
1392108210.0,1392108210.0,4
1392108210.0,1392108210.0,3
1392108211.0,1392108211.0,"4,3"
1392108211.0,1392108211.0,4
1392108211.0,1392108211.0,3
1392108212.0,1392108212.0,"4,3"
1392108212.0,1392108212.0,4
1392108212.0,1392108212.0,3
1392108213.0,1392108213.0,"4,3"
1392108213.0,1392108213.0,4
1392108213.0,1392108213.0,3
1392108214.0,1392108214.0,"4,3"
1392108214.0,1392108214.0,4
1392108214.0,1392108214.0,3
1392108215.0,1392108215.0,"4,3"
1392108215.0,1392108215.0,4
1392108215.0,1392108215.0,3
1392108216.0,1392108216.0,"4,3"
1392108216.0,1392108216.0,4
1392108216.0,1392108216.0,3
1392108217.0,1392108217.0,"4,3"
1392108217.0,1392108217.0,4
1392108217.0,1392108217.0,3
1392108218.0,1392108218.0,"4,3"
1392108218.0,1392108218.0,4
1392108218.0,1392108218.0,3
1392108219.0,1392108219.0,"4,3"
1392108219.0,1392108219.0,4
1392108219.0,1392108219.0,3
1392108220.0,1392108220.0,"4,3"
1392108220.0,1392108220.0,4
1392108220.0,1392108220.0,3
1392108221.0,1392108221.0,"4,3"
1392108221.0,1392108221.0,4
1392108221.0,1392108221.0,3
1392108222.0,1392108222.0,"4,3"
1392108222.0,1392108222.0,4
1392108222.0,1392108222.0,3
1392108223.0,1392108223.0,"4,3"
1392108223.0,1392108223.0,4
1392108223.0,1392108223.0,3
1392108224.0,1392108224.0,"4,3"
1392108224.0,1392108224.0,4
1392108224.0,1392108224.0,3
1392108225.0,1392108225.0,"4,3"
1392108225.0,1392108225.0,4
1392108225.0,1392108225.0,3
1392108226.0,1392108226.0,"4,3"
1392108226.0,1392108226.0,4
1392108226.0,1392108226.0,3
1392108227.0,1392108227.0,"4,3"
1392108227.0,1392108227.0,4
1392108227.0,1392108227.0,3
1392108228.0,1392108228.0,"4,3"
1392108228.0,1392108228.0,4
1392108228.0,1392108228.0,3
1392108229.0,1392108229.0,"4,3"
1392108229.0,1392108229.0,4
1392108229.0,1392108229.0,3
1392108230.0,1392108230.0,"4,3"
1392108230.0,1392108230.0,4
1392108230.0,1392108230.0,3
1392108231.0,1392108231.0,"4,3"
1392108231.0,1392108231.0,4
1392108231.0,1392108231.0,3
1392108232.0,1392108232.0,"4,3"
1392108232.0,1392108232.0,4
1392108232.0,1392108232.0,3
1392108233.0,1392108233.0,"4,3"
1392108233.0,1392108233.0,4
1392108233.0,1392108233.0,3
1392108234.0,1392108234.0,"4,3"
1392108234.0,1392108234.0,4
1392108234.0,1392108234.0,3
1392108235.0,1392108235.0,"4,3"
1392108235.0,1392108235.0,4
1392108235.0,1392108235.0,3
1392108236.0,1392108236.0,"4,3"
1392108236.0,1392108236.0,4
1392108236.0,1392108236.0,3
1392108237.0,1392108237.0,"4,3"
1392108237.0,1392108237.0,4
1392108237.0,1392108237.0,3
1392108238.0,1392108238.0,"4,3"
1392108238.0,1392108238.0,4
1392108238.0,1392108238.0,3
1392108239.0,1392108239.0,"4,3"
1392108239.0,1392108239.0,4
1392108239.0,1392108239.0,3
1392108240.0,1392108240.0,"4,3"
1392108240.0,1392108240.0,4
1392108240.0,1392108240.0,3
1392108241.0,1392108241.0,"4,3"
1392108241.0,1392108241.0,4
1392108241.0,1392108241.0,3
1392108242.0,1392108242.0,"4,3"
1392108242.0,1392108242.0,4
1392108242.0,1392108242.0,3
1392108243.0,1392108243.0,"4,3"
1392108243.0,1392108243.0,4
1392108243.0,1392108243.0,3
1392108244.0,1392108244.0,"4,3"
1392108244.0,1392108244.0,4
1392108244.0,1392108244.0,3
1392108245.0,1392108245.0,"4,3"
1392108245.0,1392108245.0,4
1392108245.0,1392108245.0,3
1392108246.0,1392108246.0,"4,3"
1392108246.0,1392108246.0,4
1392108246.0,1392108246.0,3
1392108247.0,1392108247.0,"4,3"
1392108247.0,1392108247.0,4
1392108247.0,1392108247.0,3
1392108248.0,1392108248.0,"4,3"
1392108248.0,1392108248.0,4
1392108248.0,1392108248.0,3
1392108249.0,1392108249.0,"4,3"
1392108249.0,1392108249.0,4
1392108249.0,1392108249.0,3
1392108250.0,1392108250.0,"4,3"
1392108250.0,1392108250.0,4
1392108250.0,1392108250.0,3
1392108251.0,1392108251.0,"4,3"
1392108251.0,1392108251.0,4
1392108251.0,1392108251.0,3
1392108252.0,1392108252.0,"4,3"
1392108252.0,1392108252.0,4
1392108252.0,1392108252.0,3
1392108253.0,1392108253.0,"4,3"
1392108253.0,1392108253.0,4
1392108253.0,1392108253.0,3
1392108254.0,1392108254.0,"4,3"
1392108254.0,1392108254.0,4
1392108254.0,1392108254.0,3
1392108255.0,1392108255.0,"4,3"
1392108255.0,1392108255.0,4
1392108255.0,1392108255.0,3
1392108256.0,1392108358.0,4
1392108359.0,1392108359.0,"6,4"
1392108359.0,1392108359.0,6
1392108360.0,1392108360.0,"6,4"
1392108360.0,1392108360.0,6
1392108361.0,1392108361.0,"6,4"
1392108361.0,1392108361.0,6
1392108362.0,1392108362.0,"6,4"
1392108362.0,1392108362.0,6
1392108363.0,1392108363.0,"6,4"
1392108363.0,1392108363.0,6
1392108364.0,1392108364.0,"6,4"
1392108364.0,1392108364.0,6
1392108365.0,1392108365.0,"6,4"
1392108365.0,1392108365.0,6
1392108366.0,1392108366.0,"6,4"
1392108366.0,1392108366.0,6
1392108367.0,1392108367.0,"6,4"
1392108367.0,1392108367.0,6
1392108368.0,1392108368.0,"6,4"
1392108368.0,1392108368.0,6
1392108369.0,1392108369.0,"6,4"
1392108369.0,1392108369.0,6
1392108370.0,1392108370.0,"6,4"
1392108370.0,1392108370.0,6
1392108371.0,1392108371.0,"6,4"
1392108371.0,1392108371.0,6
1392108372.0,1392108372.0,"6,4"
1392108372.0,1392108372.0,6
1392108373.0,1392108373.0,"6,4"
1392108373.0,1392108373.0,6
1392108374.0,1392108374.0,"6,4"
1392108374.0,1392108374.0,6
1392108375.0,1392108375.0,"6,4"
1392108375.0,1392108375.0,6
1392108376.0,1392108376.0,"6,4"
1392108376.0,1392108376.0,6
1392108377.0,1392108377.0,"6,4"
1392108377.0,1392108377.0,6
1392108378.0,1392108378.0,"6,4"
1392108378.0,1392108378.0,6
1392108379.0,1392108379.0,"6,4"
1392108379.0,1392108379.0,6
1392108380.0,1392108380.0,"6,4"
1392108380.0,1392108380.0,6
1392108381.0,1392108381.0,"6,4"
1392108381.0,1392108381.0,6
1392108382.0,1392108382.0,"6,4"
1392108382.0,1392108382.0,6
1392108383.0,1392108383.0,"6,4"
1392108383.0,1392108383.0,6
1392108384.0,1392108384.0,"6,4"
1392108384.0,1392108384.0,6
1392108385.0,1392108385.0,"6,4"
1392108385.0,1392108385.0,6
1392108386.0,1392108386.0,"6,4"
1392108386.0,1392108386.0,6
1392108387.0,1392108387.0,"6,4"
1392108387.0,1392108387.0,6
1392108388.0,1392108388.0,"6,4"
1392108388.0,1392108388.0,6
1392108389.0,1392108389.0,"6,4"
1392108389.0,1392108389.0,6
1392108390.0,1392108390.0,"6,4"
1392108390.0,1392108390.0,6
1392108391.0,1392108391.0,"6,4"
1392108391.0,1392108391.0,6
1392108392.0,1392108392.0,"6,4"
1392108392.0,1392108392.0,6
1392108393.0,1392108393.0,"6,4"
1392108393.0,1392108393.0,6
1392108394.0,1392108394.0,"6,4"
1392108394.0,1392108394.0,6
1392108395.0,1392108395.0,"6,4"
1392108395.0,1392108395.0,6
1392108396.0,1392108396.0,"6,4"
1392108396.0,1392108396.0,6
1392108397.0,1392108397.0,"6,4"
1392108397.0,1392108397.0,6
1392108398.0,1392108398.0,"6,4"
1392108398.0,1392108398.0,6
1392108399.0,1392108399.0,"6,4"
1392108399.0,1392108399.0,6
1392108400.0,1392108400.0,"6,4"
1392108400.0,1392108400.0,6
1392108401.0,1392108401.0,"6,4"
1392108401.0,1392108401.0,6
1392108402.0,1392108402.0,"6,4"
1392108402.0,1392108402.0,6
1392108403.0,1392108403.0,"6,4"
1392108403.0,1392108403.0,6
1392108404.0,1392108404.0,"6,4"
1392108404.0,1392108404.0,6
1392108405.0,1392108405.0,"6,4"
1392108405.0,1392108405.0,6
1392108406.0,1392108406.0,"6,4"
1392108406.0,1392108406.0,6
1392108407.0,1392108407.0,"6,4"
1392108407.0,1392108407.0,6
1392108408.0,1392108408.0,"6,4"
1392108408.0,1392108408.0,6
1392108409.0,1392108409.0,"6,4"
1392108409.0,1392108409.0,6
1392108410.0,1392108410.0,"6,4"
1392108410.0,1392108410.0,6
1392108411.0,1392108411.0,"6,4"
1392108411.0,1392108411.0,6
1392108412.0,1392108412.0,"6,4"
1392108412.0,1392108412.0,6
1392108413.0,1392108413.0,"6,4"
1392108413.0,1392108413.0,6
1392108414.0,1392108414.0,"6,4"
1392108414.0,1392108414.0,6
1392108415.0,1392108415.0,"6,4"
1392108415.0,1392108415.0,6
1392108416.0,1392108416.0,"6,4"
1392108416.0,1392108416.0,6
1392108417.0,1392108417.0,"6,4"
1392108417.0,1392108417.0,6
1392108418.0,1392108418.0,"6,4"
1392108418.0,1392108418.0,6
1392108419.0,1392108419.0,"6,4"
1392108419.0,1392108419.0,6
1392108420.0,1392108420.0,"6,4"
1392108420.0,1392108420.0,6
1392108421.0,1392108421.0,"6,4"
1392108421.0,1392108421.0,6
1392108422.0,1392108422.0,"6,4"
1392108422.0,1392108422.0,6
1392108423.0,1392108423.0,"6,4"
1392108423.0,1392108423.0,6
1392108424.0,1392108424.0,"6,4"
1392108424.0,1392108424.0,6
1392108425.0,1392108425.0,"6,4"
1392108425.0,1392108425.0,6
1392108426.0,1392108426.0,"6,4"
1392108426.0,1392108426.0,6
1392108427.0,1392108427.0,"6,4"
1392108427.0,1392108427.0,6
1392108428.0,1392108428.0,"6,4"
1392108428.0,1392108428.0,6
1392108429.0,1392108429.0,"6,4"
1392108429.0,1392108429.0,6
1392108430.0,1392108430.0,"6,4"
1392108430.0,1392108430.0,6
1392108431.0,1392108431.0,"6,4"
1392108431.0,1392108431.0,6
1392108432.0,1392108432.0,"6,4"
1392108432.0,1392108432.0,6
1392108433.0,1392108433.0,"6,4"
1392108433.0,1392108433.0,6
1392108434.0,1392108434.0,"6,4"
1392108434.0,1392108434.0,6
1392108435.0,1392108435.0,"6,4"
1392108435.0,1392108435.0,6
1392108436.0,1392108436.0,"6,4"
1392108436.0,1392108436.0,6
1392108437.0,1392108437.0,"6,4"
1392108437.0,1392108437.0,6
1392108438.0,1392108438.0,"6,4"
1392108438.0,1392108438.0,6
1392108439.0,1392108439.0,"6,4"
1392108439.0,1392108439.0,6
1392108440.0,1392108440.0,"6,4"
1392108440.0,1392108440.0,6
1392108441.0,1392108441.0,"6,4"
1392108441.0,1392108441.0,6
1392108442.0,1392108442.0,"6,4"
1392108442.0,1392108442.0,6
1392108443.0,1392108443.0,"6,4"
1392108443.0,1392108443.0,6
1392108444.0,1392108444.0,"6,4"
1392108444.0,1392108444.0,6
1392108445.0,1392108445.0,"6,4"
1392108445.0,1392108445.0,6
1392108446.0,1392108446.0,"6,4"
1392108446.0,1392108446.0,6
1392108447.0,1392108447.0,"6,4"
1392108447.0,1392108447.0,6
1392108448.0,1392108448.0,"6,4"
1392108448.0,1392108448.0,6
1392108449.0,1392108449.0,"6,4"
1392108449.0,1392108449.0,6
1392108450.0,1392108450.0,"6,4"
1392108450.0,1392108450.0,6
1392108451.0,1392108451.0,"6,4"
1392108451.0,1392108451.0,6
1392108452.0,1392108452.0,"6,4"
1392108452.0,1392108452.0,6
1392108453.0,1392108453.0,"6,4"
1392108453.0,1392108453.0,6
1392108454.0,1392108454.0,"6,4"
1392108454.0,1392108454.0,6
1392108455.0,1392108455.0,"6,4"
1392108455.0,1392108455.0,6
1392108456.0,1392108456.0,"6,4"
1392108456.0,1392108456.0,6
1392108457.0,1392108457.0,"6,4"
1392108457.0,1392108457.0,6
1392108458.0,1392108458.0,"6,4"
1392108458.0,1392108458.0,6
1392108459.0,1392108459.0,"6,4"
1392108459.0,1392108459.0,6
1392108460.0,1392108460.0,"6,4"
1392108460.0,1392108460.0,6
1392108461.0,1392108461.0,"6,4"
1392108461.0,1392108461.0,6
1392108462.0,1392108462.0,"6,4"
1392108462.0,1392108462.0,6
1392108463.0,1392108463.0,"6,4"
1392108463.0,1392108463.0,6
1392108464.0,1392108464.0,"6,4"
1392108464.0,1392108464.0,6
1392108465.0,1392108465.0,"6,4"
1392108465.0,1392108465.0,6
1392108466.0,1392108466.0,"6,4"
1392108466.0,1392108466.0,6
1392108467.0,1392108467.0,"6,4"
1392108467.0,1392108467.0,6
1392108468.0,1392108468.0,"6,4"
1392108468.0,1392108468.0,6
1392108469.0,1392108469.0,"6,4"
1392108469.0,1392108469.0,6
1392108470.0,1392108470.0,"6,4"
1392108470.0,1392108470.0,6
1392108471.0,1392108471.0,"6,4"
1392108471.0,1392108471.0,6
1392108472.0,1392108472.0,"6,4"
1392108472.0,1392108472.0,6
1392108473.0,1392108473.0,"6,4"
1392108473.0,1392108473.0,6
1392108474.0,1392108474.0,"6,4"
1392108474.0,1392108474.0,6
1392108475.0,1392108475.0,"6,4"
1392108475.0,1392108475.0,6
1392108476.0,1392108476.0,"6,4"
1392108476.0,1392108476.0,6
1392108477.0,1392108477.0,"6,4"
1392108477.0,1392108477.0,6
1392108478.0,1392108478.0,"6,4"
1392108478.0,1392108478.0,6
1392108479.0,1392108479.0,"6,4"
1392108479.0,1392108479.0,6
1392108480.0,1392108480.0,"6,4"
1392108480.0,1392108480.0,6
1392108481.0,1392108481.0,"6,4"
1392108481.0,1392108481.0,6
1392108482.0,1392108482.0,"6,4"
1392108482.0,1392108482.0,6
1392108483.0,1392108483.0,"6,4"
1392108483.0,1392108483.0,6
1392108484.0,1392108484.0,"6,4"
1392108484.0,1392108484.0,6
1392108485.0,1392108485.0,"6,4"
1392108485.0,1392108485.0,6
1392108486.0,1392108486.0,"6,4"
1392108486.0,1392108486.0,6
1392108487.0,1392108487.0,"6,4"
1392108487.0,1392108487.0,6
1392108488.0,1392108488.0,"6,4"
1392108488.0,1392108488.0,6
1392108489.0,1392108489.0,"6,4"
1392108489.0,1392108489.0,6
1392108490.0,1392108490.0,"6,4"
1392108490.0,1392108490.0,6
1392108491.0,1392108491.0,"6,4"
1392108491.0,1392108491.0,6
1392108492.0,1392108492.0,"6,4"
1392108492.0,1392108492.0,6
1392108493.0,1392108493.0,"6,4"
1392108493.0,1392108493.0,6
1392108494.0,1392108494.0,"6,4"
1392108494.0,1392108494.0,6
1392108495.0,1392108495.0,"6,4"
1392108495.0,1392108495.0,6
1392108496.0,1392108496.0,"6,4"
1392108496.0,1392108496.0,6
1392108497.0,1392108497.0,"6,4"
1392108497.0,1392108497.0,6
1392108498.0,1392108498.0,"6,4"
1392108498.0,1392108498.0,6
1392108499.0,1392108499.0,"6,4"
1392108499.0,1392108499.0,6
1392108500.0,1392108500.0,"6,4"
1392108500.0,1392108500.0,6
1392108501.0,1392108501.0,"6,4"
1392108501.0,1392108501.0,6
1392108502.0,1392108502.0,"6,4"
1392108502.0,1392108502.0,6
1392108503.0,1392108503.0,"6,4"
1392108503.0,1392108503.0,6
1392108504.0,1392108504.0,"6,4"
1392108504.0,1392108504.0,6
1392108505.0,1392108505.0,"6,4"
1392108505.0,1392108505.0,6
1392108506.0,1392108506.0,"6,4"
1392108506.0,1392108506.0,6
1392108507.0,1392108507.0,"6,4"
1392108507.0,1392108507.0,6
1392108508.0,1392108508.0,"6,4"
1392108508.0,1392108508.0,6
1392108509.0,1392108509.0,"6,4"
1392108509.0,1392108509.0,6
1392108510.0,1392108510.0,"6,4"
1392108510.0,1392108510.0,6
1392108511.0,1392108511.0,"6,4"
1392108511.0,1392108511.0,6
1392108512.0,1392108512.0,"6,4"
1392108512.0,1392108512.0,6
1392108513.0,1392108513.0,"6,4"
1392108513.0,1392108513.0,6
1392108514.0,1392108514.0,"6,4"
1392108514.0,1392108514.0,6
1392108515.0,1392108515.0,"6,4"
1392108515.0,1392108515.0,6
1392108516.0,1392108516.0,"6,4"
1392108516.0,1392108516.0,6
1392108517.0,1392108517.0,"6,4"
1392108517.0,1392108517.0,6
1392108518.0,1392108518.0,"6,4"
1392108518.0,1392108518.0,6
1392108519.0,1392108519.0,"6,4"
1392108519.0,1392108519.0,6
1392108520.0,1392108520.0,"6,4"
1392108520.0,1392108520.0,6
1392108521.0,1392108521.0,"6,4"
1392108521.0,1392108521.0,6
1392108522.0,1392108522.0,"6,4"
1392108522.0,1392108522.0,6
1392108523.0,1392108523.0,"6,4"
1392108523.0,1392108523.0,6
1392108524.0,1392108524.0,"6,4"
1392108524.0,1392108524.0,6
1392108525.0,1392108525.0,"6,4"
1392108525.0,1392108525.0,6
1392108526.0,1392108526.0,"6,4"
1392108526.0,1392108526.0,6
1392108527.0,1392108527.0,"6,4"
1392108527.0,1392108527.0,6
1392108528.0,1392108528.0,"6,4"
1392108528.0,1392108528.0,6
1392108529.0,1392108529.0,"6,4"
1392108529.0,1392108529.0,6
1392108530.0,1392108530.0,"6,4"
1392108530.0,1392108530.0,6
1392108531.0,1392108531.0,"6,4"
1392108531.0,1392108531.0,6
1392108532.0,1392108532.0,"6,4"
1392108532.0,1392108532.0,6
1392108533.0,1392108533.0,"6,4"
1392108533.0,1392108533.0,6
1392108534.0,1392108534.0,"6,4"
1392108534.0,1392108534.0,6
1392108535.0,1392108535.0,"6,4"
1392108535.0,1392108535.0,6
1392108536.0,1392108536.0,"6,4"
1392108536.0,1392108536.0,6
1392108537.0,1392108537.0,"6,4"
1392108537.0,1392108537.0,6
1392108538.0,1392108538.0,"6,4"
1392108538.0,1392108538.0,6
1392108539.0,1392108539.0,"6,4"
1392108539.0,1392108539.0,6
1392108540.0,1392108540.0,"6,4"
1392108540.0,1392108540.0,6
1392108541.0,1392108541.0,"6,4"
1392108541.0,1392108541.0,6
1392108542.0,1392108542.0,"6,4"
1392108542.0,1392108542.0,6
1392108543.0,1392108543.0,"6,4"
1392108543.0,1392108543.0,6
1392108544.0,1392108544.0,"6,4"
1392108544.0,1392108544.0,6
1392108545.0,1392108545.0,"6,4"
1392108545.0,1392108545.0,6
1392108546.0,1392108546.0,"6,4"
1392108546.0,1392108546.0,6
1392108547.0,1392108547.0,"6,4"
1392108547.0,1392108547.0,6
1392108548.0,1392108548.0,"6,4"
1392108548.0,1392108548.0,6
1392108549.0,1392108549.0,"6,4"
1392108549.0,1392108549.0,6
1392108550.0,1392108550.0,"6,4"
1392108550.0,1392108550.0,6
1392108551.0,1392108551.0,"6,4"
1392108551.0,1392108551.0,6
1392108552.0,1392108552.0,"6,4"
1392108552.0,1392108552.0,6
1392108553.0,1392108553.0,"6,4"
1392108553.0,1392108553.0,6
1392108554.0,1392108554.0,"6,4"
1392108554.0,1392108554.0,6
1392108555.0,1392108555.0,"6,4"
1392108555.0,1392108555.0,6
1392108556.0,1392108556.0,"6,4"
1392108556.0,1392108556.0,6
1392108557.0,1392108557.0,"6,4"
1392108557.0,1392108557.0,6
1392108558.0,1392108558.0,"6,4"
1392108558.0,1392108558.0,6
1392108559.0,1392108559.0,"6,4"
1392108559.0,1392108559.0,6
1392108560.0,1392108560.0,"6,4"
1392108560.0,1392108560.0,6
1392108561.0,1392108561.0,"6,4"
1392108561.0,1392108561.0,6
1392108562.0,1392108562.0,"6,4"
1392108562.0,1392108562.0,6
1392108563.0,1392108563.0,"6,4"
1392108563.0,1392108563.0,6
1392108564.0,1392108564.0,"6,4"
1392108564.0,1392108564.0,6
1392108565.0,1392108565.0,"6,4"
1392108565.0,1392108565.0,6
1392108566.0,1392108566.0,"6,4"
1392108566.0,1392108566.0,6
1392108567.0,1392108567.0,"6,4"
1392108567.0,1392108567.0,6
1392108568.0,1392108568.0,"6,4"
1392108568.0,1392108568.0,6
1392108569.0,1392108569.0,"6,4"
1392108569.0,1392108569.0,6
1392108570.0,1392108570.0,"6,4"
1392108570.0,1392108570.0,6
1392108571.0,1392108571.0,"6,4"
1392108571.0,1392108571.0,6
1392108572.0,1392108572.0,"6,4"
1392108572.0,1392108572.0,6
1392108573.0,1392108573.0,"6,4"
1392108573.0,1392108573.0,6
1392108574.0,1392108574.0,"6,4"
1392108574.0,1392108574.0,6
1392108575.0,1392108575.0,"6,4"
1392108575.0,1392108575.0,6
1392108576.0,1392108576.0,"6,4"
1392108576.0,1392108576.0,6
1392108577.0,1392108577.0,"6,4"
1392108577.0,1392108577.0,6
1392108578.0,1392108578.0,"6,4"
1392108578.0,1392108578.0,6
1392108579.0,1392108579.0,"6,4"
1392108579.0,1392108579.0,6
1392108580.0,1392108580.0,"6,4"
1392108580.0,1392108580.0,6
1392108581.0,1392108581.0,"6,4"
1392108581.0,1392108581.0,6
1392108582.0,1392108582.0,"6,4"
1392108582.0,1392108582.0,6
1392108583.0,1392108583.0,"6,4"
1392108583.0,1392108583.0,6
1392108584.0,1392108584.0,"6,4"
1392108584.0,1392108584.0,6
1392108585.0,1392108585.0,"6,4"
1392108585.0,1392108585.0,6
1392108586.0,1392108586.0,"6,4"
1392108586.0,1392108586.0,6
1392108587.0,1392108587.0,"6,4"
1392108587.0,1392108587.0,6
1392108588.0,1392108588.0,"6,4"
1392108588.0,1392108588.0,6
1392108589.0,1392108589.0,"6,4"
1392108589.0,1392108589.0,6
1392108590.0,1392108590.0,"6,4"
1392108590.0,1392108590.0,6
1392108591.0,1392108591.0,"6,4"
1392108591.0,1392108591.0,6
1392108592.0,1392108592.0,"6,4"
1392108592.0,1392108592.0,6
1392108593.0,1392108593.0,"6,4"
1392108593.0,1392108593.0,6
1392108594.0,1392108594.0,"6,4"
1392108594.0,1392108594.0,6
1392108595.0,1392108595.0,"6,4"
1392108595.0,1392108595.0,6
1392108596.0,1392108596.0,"6,4"
1392108596.0,1392108596.0,6
1392108597.0,1392108597.0,"6,4"
1392108597.0,1392108597.0,6
1392108598.0,1392108598.0,"6,4"
1392108598.0,1392108598.0,6
1392108599.0,1392108599.0,"6,4"
1392108599.0,1392108599.0,6
1392108600.0,1392108600.0,"6,4"
1392108600.0,1392108600.0,6
1392108601.0,1392108601.0,"6,4"
1392108601.0,1392108601.0,6
1392108602.0,1392108602.0,"6,4"
1392108602.0,1392108602.0,6
1392108603.0,1392108603.0,"6,4"
1392108603.0,1392108603.0,6
1392108604.0,1392108604.0,"6,4"
1392108604.0,1392108604.0,6
1392108605.0,1392108605.0,"6,4"
1392108605.0,1392108605.0,6
1392108606.0,1392108606.0,"6,4"
1392108606.0,1392108606.0,6
1392108607.0,1392108607.0,"6,4"
1392108607.0,1392108607.0,6
1392108608.0,1392108608.0,"6,4"
1392108608.0,1392108608.0,6
1392108609.0,1392108609.0,"6,4"
1392108609.0,1392108609.0,6
1392108610.0,1392108610.0,"6,4"
1392108610.0,1392108610.0,6
1392108611.0,1392108611.0,"6,4"
1392108611.0,1392108611.0,6
1392108612.0,1392108612.0,"6,4"
1392108612.0,1392108612.0,6
1392108613.0,1392108613.0,"6,4"
1392108613.0,1392108613.0,6
1392108614.0,1392108614.0,"6,4"
1392108614.0,1392108614.0,6
1392108615.0,1392108615.0,"6,4"
1392108615.0,1392108615.0,6
1392108616.0,1392108616.0,"6,4"
1392108616.0,1392108616.0,6
1392108617.0,1392108617.0,"6,4"
1392108617.0,1392108617.0,6
1392108618.0,1392108618.0,"6,4"
1392108618.0,1392108618.0,6
1392108619.0,1392108619.0,"6,4"
1392108619.0,1392108619.0,6
1392108620.0,1392108620.0,"6,4"
1392108620.0,1392108620.0,6
1392108621.0,1392108621.0,"6,4"
1392108621.0,1392108621.0,6
1392108622.0,1392108622.0,"6,4"
1392108622.0,1392108622.0,6
1392108623.0,1392108623.0,"6,4"
1392108623.0,1392108623.0,6
1392108624.0,1392108624.0,"6,4"
1392108624.0,1392108624.0,6
1392108625.0,1392108625.0,"6,4"
1392108625.0,1392108625.0,6
1392108626.0,1392108626.0,"6,4"
1392108626.0,1392108626.0,6
1392108627.0,1392108627.0,"6,4"
1392108627.0,1392108627.0,6
1392108628.0,1392108628.0,"6,4"
1392108628.0,1392108628.0,6
1392108629.0,1392108629.0,"6,4"
1392108629.0,1392108629.0,6
1392108630.0,1392108630.0,"6,4"
1392108630.0,1392108630.0,6
1392108631.0,1392108631.0,"6,4"
1392108631.0,1392108631.0,6
1392108632.0,1392108632.0,"6,4"
1392108632.0,1392108632.0,6
1392108633.0,1392108633.0,"6,4"
1392108633.0,1392108633.0,6
1392108634.0,1392108634.0,"6,4"
1392108634.0,1392108634.0,6
1392108635.0,1392108635.0,"6,4"
1392108635.0,1392108635.0,6
1392108636.0,1392108636.0,"6,4"
1392108636.0,1392108636.0,6
1392108637.0,1392108637.0,"6,4"
1392108637.0,1392108637.0,6
1392108638.0,1392108638.0,"6,4"
1392108638.0,1392108638.0,6
1392108639.0,1392108639.0,"6,4"
1392108639.0,1392108639.0,6
1392108640.0,1392108640.0,"6,4"
1392108640.0,1392108640.0,6
1392108641.0,1392108641.0,"6,4"
1392108641.0,1392108641.0,6
1392108642.0,1392108642.0,"6,4"
1392108642.0,1392108642.0,6
1392108643.0,1392108643.0,"6,4"
1392108643.0,1392108643.0,6
1392108644.0,1392108644.0,"6,4"
1392108644.0,1392108644.0,6
1392108645.0,1392108645.0,"6,4"
1392108645.0,1392108645.0,6
1392108646.0,1392108646.0,"6,4"
1392108646.0,1392108646.0,6
1392108647.0,1392108647.0,"6,4"
1392108647.0,1392108647.0,6
1392108648.0,1392108648.0,"6,4"
1392108648.0,1392108648.0,6
1392108649.0,1392108649.0,"6,4"
1392108649.0,1392108649.0,6
1392108650.0,1392108650.0,"6,4"
1392108650.0,1392108650.0,6
1392108651.0,1392108651.0,"6,4"
1392108651.0,1392108651.0,6
1392108652.0,1392108652.0,"6,4"
1392108652.0,1392108652.0,6
1392108653.0,1392108653.0,"6,4"
1392108653.0,1392108653.0,6
1392108654.0,1392108654.0,"6,4"
1392108654.0,1392108654.0,6
1392108655.0,1392108655.0,"6,4"
1392108655.0,1392108655.0,6
1392108656.0,1392108656.0,"6,4"
1392108656.0,1392108656.0,6
1392108657.0,1392108657.0,"6,4"
1392108657.0,1392108657.0,6
1392108658.0,1392108658.0,"6,4"
1392108658.0,1392108658.0,6
1392108659.0,1392108659.0,"6,4"
1392108659.0,1392108659.0,6
1392108660.0,1392108660.0,"6,4"
1392108660.0,1392108660.0,6
1392108661.0,1392108661.0,"6,4"
1392108661.0,1392108661.0,6
1392108662.0,1392108662.0,"6,4"
1392108662.0,1392108662.0,6
1392108663.0,1392108663.0,"6,4"
1392108663.0,1392108663.0,6
1392108664.0,1392108664.0,"6,4"
1392108664.0,1392108664.0,6
1392108665.0,1392108665.0,"6,4"
1392108665.0,1392108665.0,6
1392108666.0,1392108666.0,"6,4"
1392108666.0,1392108666.0,6
1392108667.0,1392108667.0,"6,4"
1392108667.0,1392108667.0,6
1392108668.0,1392108668.0,"6,4"
1392108668.0,1392108668.0,6
1392108669.0,1392108669.0,"6,4"
1392108669.0,1392108669.0,6
1392108670.0,1392108670.0,"6,4"
1392108670.0,1392108670.0,6
1392108671.0,1392108671.0,"6,4"
1392108671.0,1392108671.0,6
1392108672.0,1392108672.0,"6,4"
1392108672.0,1392108672.0,6
1392108673.0,1392108673.0,"6,4"
1392108673.0,1392108673.0,6
1392108674.0,1392108674.0,"6,4"
1392108674.0,1392108674.0,6
1392108675.0,1392108675.0,"6,4"
1392108675.0,1392108675.0,6
1392108676.0,1392108676.0,"6,4"
1392108676.0,1392108676.0,6
1392108677.0,1392108677.0,"6,4"
1392108677.0,1392108677.0,6
1392108678.0,1392108678.0,"6,4"
1392108678.0,1392108678.0,6
1392108679.0,1392108679.0,"6,4"
1392108679.0,1392108679.0,6
1392108680.0,1392108680.0,"6,4"
1392108680.0,1392108680.0,6
1392108681.0,1392108681.0,"6,4"
1392108681.0,1392108681.0,6
1392108682.0,1392108682.0,"6,4"
1392108682.0,1392108682.0,6
1392108683.0,1392108683.0,"6,4"
1392108683.0,1392108683.0,6
1392108684.0,1392108684.0,"6,4"
1392108684.0,1392108684.0,6
1392108685.0,1392108685.0,"6,4"
1392108685.0,1392108685.0,6
1392108686.0,1392108686.0,"6,4"
1392108686.0,1392108686.0,6
1392108687.0,1392108687.0,"6,4"
1392108687.0,1392108687.0,6
1392108688.0,1392108688.0,"6,4"
1392108688.0,1392108688.0,6
1392108689.0,1392108689.0,"6,4"
1392108689.0,1392108689.0,6
1392108690.0,1392108690.0,"6,4"
1392108690.0,1392108690.0,6
1392108691.0,1392108691.0,"6,4"
1392108691.0,1392108691.0,6
1392108692.0,1392108692.0,"6,4"
1392108692.0,1392108692.0,6
1392108693.0,1392108693.0,"6,4"
1392108693.0,1392108693.0,6
1392108694.0,1392108694.0,"6,4"
1392108694.0,1392108694.0,6
1392108695.0,1392108695.0,"6,4"
1392108695.0,1392108695.0,6
1392108696.0,1392108696.0,"6,4"
1392108696.0,1392108696.0,6
1392108697.0,1392108697.0,"6,4"
1392108697.0,1392108697.0,6
1392108698.0,1392108698.0,"6,4"
1392108698.0,1392108698.0,6
1392108699.0,1392108699.0,"6,4"
1392108699.0,1392108699.0,6
1392108700.0,1392108700.0,"6,4"
1392108700.0,1392108700.0,6
1392108701.0,1392108701.0,"6,4"
1392108701.0,1392108701.0,6
1392108702.0,1392108702.0,"6,4"
1392108702.0,1392108702.0,6
1392108703.0,1392108703.0,"6,4"
1392108703.0,1392108703.0,6
1392108704.0,1392108704.0,"6,4"
1392108704.0,1392108704.0,6
1392108705.0,1392108705.0,"6,4"
1392108705.0,1392108705.0,6
1392108706.0,1392108706.0,"6,4"
1392108706.0,1392108706.0,6
1392108707.0,1392108707.0,"6,4"
1392108707.0,1392108707.0,6
1392108708.0,1392108708.0,"6,4"
1392108708.0,1392108708.0,6
1392108709.0,1392108709.0,"6,4"
1392108709.0,1392108709.0,6
1392108710.0,1392108710.0,"6,4"
1392108710.0,1392108710.0,6
1392108711.0,1392108711.0,"6,4"
1392108711.0,1392108711.0,6
1392108712.0,1392108712.0,"6,4"
1392108712.0,1392108712.0,6
1392108713.0,1392108713.0,"6,4"
1392108713.0,1392108713.0,6
1392108714.0,1392108714.0,"6,4"
1392108714.0,1392108714.0,6
1392108715.0,1392108715.0,"6,4"
1392108715.0,1392108715.0,6
1392108716.0,1392108716.0,"6,4"
1392108716.0,1392108716.0,6
1392108717.0,1392108717.0,"6,4"
1392108717.0,1392108717.0,6
1392108718.0,1392108718.0,"6,4"
1392108718.0,1392108718.0,6
1392108719.0,1392108719.0,"6,4"
1392108719.0,1392108719.0,6
1392108720.0,1392108720.0,"6,4"
1392108720.0,1392108720.0,6
1392108721.0,1392108721.0,"6,4"
1392108721.0,1392108721.0,6
1392108722.0,1392108722.0,"6,4"
1392108722.0,1392108722.0,6
1392108723.0,1392108723.0,"6,4"
1392108723.0,1392108723.0,6
1392108724.0,1392108724.0,"6,4"
1392108724.0,1392108724.0,6
1392108725.0,1392108725.0,"6,4"
1392108725.0,1392108725.0,6
1392108726.0,1392108726.0,"6,4"
1392108726.0,1392108726.0,6
1392108727.0,1392108727.0,"6,4"
1392108727.0,1392108727.0,6
1392108728.0,1392108728.0,"6,4"
1392108728.0,1392108728.0,6
1392108729.0,1392108729.0,"6,4"
1392108729.0,1392108729.0,6
1392108730.0,1392108730.0,"6,4"
1392108730.0,1392108730.0,6
1392108731.0,1392108731.0,"6,4"
1392108731.0,1392108731.0,6
1392108732.0,1392108732.0,"6,4"
1392108732.0,1392108732.0,6
1392108733.0,1392108733.0,"6,4"
1392108733.0,1392108733.0,6
1392108734.0,1392108734.0,"6,4"
1392108734.0,1392108734.0,6
1392108735.0,1392108735.0,"6,4"
1392108735.0,1392108735.0,6
1392108736.0,1392108736.0,"6,4"
1392108736.0,1392108736.0,6
1392108737.0,1392108737.0,"6,4"
1392108737.0,1392108737.0,6
1392108738.0,1392108738.0,"6,4"
1392108738.0,1392108738.0,6
1392108739.0,1392108739.0,"6,4"
1392108739.0,1392108739.0,6
1392108740.0,1392108740.0,"6,4"
1392108740.0,1392108740.0,6
1392108741.0,1392108741.0,"6,4"
1392108741.0,1392108741.0,6
1392108742.0,1392108742.0,"6,4"
1392108742.0,1392108742.0,6
1392108743.0,1392108743.0,"6,4"
1392108743.0,1392108743.0,6
1392108744.0,1392108744.0,"6,4"
1392108744.0,1392108744.0,6
1392108745.0,1392108745.0,"6,4"
1392108745.0,1392108745.0,6
1392108746.0,1392108746.0,"6,4"
1392108746.0,1392108746.0,6
1392108747.0,1392108747.0,"6,4"
1392108747.0,1392108747.0,6
1392108748.0,1392108748.0,"6,4"
1392108748.0,1392108748.0,6
1392108749.0,1392108749.0,"6,4"
1392108749.0,1392108749.0,6
1392108750.0,1392108750.0,"6,4"
1392108750.0,1392108750.0,6
1392108751.0,1392108751.0,"6,4"
1392108751.0,1392108751.0,6
1392108752.0,1392108752.0,"6,4"
1392108752.0,1392108752.0,6
1392108753.0,1392108753.0,"6,4"
1392108753.0,1392108753.0,6
1392108754.0,1392108754.0,"6,4"
1392108754.0,1392108754.0,6
1392108755.0,1392108755.0,"6,4"
1392108755.0,1392108755.0,6
1392108756.0,1392108756.0,"6,4"
1392108756.0,1392108756.0,6
1392108757.0,1392108757.0,"6,4"
1392108757.0,1392108757.0,6
1392108758.0,1392108758.0,"6,4"
1392108758.0,1392108758.0,6
1392108759.0,1392108759.0,"6,4"
1392108759.0,1392108759.0,6
1392108760.0,1392108760.0,"6,4"
1392108760.0,1392108760.0,6
1392108761.0,1392108761.0,"6,4"
1392108761.0,1392108761.0,6
1392108762.0,1392108762.0,"6,4"
1392108762.0,1392108762.0,6
1392108763.0,1392108763.0,"6,4"
1392108763.0,1392108763.0,6
1392108764.0,1392108764.0,"6,4"
1392108764.0,1392108764.0,6
1392108765.0,1392108765.0,"6,4"
1392108765.0,1392108765.0,6
1392108766.0,1392108766.0,"6,4"
1392108766.0,1392108766.0,6
1392108767.0,1392108767.0,"6,4"
1392108767.0,1392108767.0,6
1392108768.0,1392108768.0,"6,4"
1392108768.0,1392108768.0,6
1392108769.0,1392108769.0,"6,4"
1392108769.0,1392108769.0,6
1392108770.0,1392108770.0,"6,4"
1392108770.0,1392108770.0,6
1392108771.0,1392108771.0,"6,4"
1392108771.0,1392108771.0,6
1392108772.0,1392108772.0,"6,4"
1392108772.0,1392108772.0,6
1392108773.0,1392108773.0,"6,4"
1392108773.0,1392108773.0,6
1392108774.0,1392108774.0,"6,4"
1392108774.0,1392108774.0,6
1392108775.0,1392108775.0,"6,4"
1392108775.0,1392108775.0,6
1392108776.0,1392108776.0,"6,4"
1392108776.0,1392108776.0,6
1392108777.0,1392108777.0,"6,4"
1392108777.0,1392108777.0,6
1392108778.0,1392108778.0,"6,4"
1392108778.0,1392108778.0,6
1392108779.0,1392108779.0,"6,4"
1392108779.0,1392108779.0,6
1392108780.0,1392108780.0,"6,4"
1392108780.0,1392108780.0,6
1392108781.0,1392108781.0,"6,4"
1392108781.0,1392108781.0,6
1392108782.0,1392108782.0,"6,4"
1392108782.0,1392108782.0,6
1392108783.0,1392108783.0,"6,4"
1392108783.0,1392108783.0,6
1392108784.0,1392108784.0,"6,4"
1392108784.0,1392108784.0,6
1392108785.0,1392108785.0,"6,4"
1392108785.0,1392108785.0,6
1392108786.0,1392108786.0,"6,4"
1392108786.0,1392108786.0,6
1392108787.0,1392108787.0,"6,4"
1392108787.0,1392108787.0,6
1392108788.0,1392108788.0,"6,4"
1392108788.0,1392108788.0,6
1392108789.0,1392108789.0,"6,4"
1392108789.0,1392108789.0,6
1392108790.0,1392108790.0,"6,4"
1392108790.0,1392108790.0,6
1392108791.0,1392108791.0,"6,4"
1392108791.0,1392108791.0,6
1392108792.0,1392108792.0,"6,4"
1392108792.0,1392108792.0,6
1392108793.0,1392108793.0,"6,4"
1392108793.0,1392108793.0,6
1392108794.0,1392108794.0,"6,4"
1392108794.0,1392108794.0,6
1392108795.0,1392108795.0,"6,4"
1392108795.0,1392108795.0,6
1392108796.0,1392108796.0,"6,4"
1392108796.0,1392108796.0,6
1392108797.0,1392108797.0,"6,4"
1392108797.0,1392108797.0,6
1392108798.0,1392108798.0,"6,4"
1392108798.0,1392108798.0,6
1392108799.0,1392108799.0,"6,4"
1392108799.0,1392108799.0,6
1392108800.0,1392108800.0,"6,4"
1392108800.0,1392108800.0,6
1392108801.0,1392108801.0,"6,4"
1392108801.0,1392108801.0,6
1392108802.0,1392108802.0,"6,4"
1392108802.0,1392108802.0,6
1392108803.0,1392108803.0,"6,4"
1392108803.0,1392108803.0,6
1392108804.0,1392108804.0,"6,4"
1392108804.0,1392108804.0,6
1392108805.0,1392108805.0,"6,4"
1392108805.0,1392108805.0,6
1392108806.0,1392108806.0,"6,4"
1392108806.0,1392108806.0,6
1392108807.0,1392108807.0,"6,4"
1392108807.0,1392108807.0,6
1392108808.0,1392108808.0,"6,4"
1392108808.0,1392108808.0,6
1392108809.0,1392108809.0,"6,4"
1392108809.0,1392108809.0,6
1392108810.0,1392108810.0,"6,4"
1392108810.0,1392108810.0,6
1392108811.0,1392108811.0,"6,4"
1392108811.0,1392108811.0,6
1392108812.0,1392108812.0,"6,4"
1392108812.0,1392108812.0,6
1392108813.0,1392108813.0,"6,4"
1392108813.0,1392108813.0,6
1392108814.0,1392108814.0,"6,4"
1392108814.0,1392108814.0,6
1392108815.0,1392108815.0,"6,4"
1392108815.0,1392108815.0,6
1392108816.0,1392108816.0,"6,4"
1392108816.0,1392108816.0,6
1392108817.0,1392108817.0,"6,4"
1392108817.0,1392108817.0,6
1392108818.0,1392108818.0,"6,4"
1392108818.0,1392108818.0,6
1392108819.0,1392108819.0,"6,4"
1392108819.0,1392108819.0,6
1392108820.0,1392108820.0,"6,4"
1392108820.0,1392108820.0,6
1392108821.0,1392108821.0,"6,4"
1392108821.0,1392108821.0,6
1392108822.0,1392108822.0,"6,4"
1392108822.0,1392108822.0,6
1392108823.0,1392108823.0,"6,4"
1392108823.0,1392108823.0,6
1392108824.0,1392108824.0,"6,4"
1392108824.0,1392108824.0,6
1392108825.0,1392108825.0,"6,4"
1392108825.0,1392108825.0,6
1392108826.0,1392108826.0,"6,4"
1392108826.0,1392108826.0,6
1392108827.0,1392108827.0,"6,4"
1392108827.0,1392108827.0,6
1392108828.0,1392108828.0,"6,4"
1392108828.0,1392108828.0,6
1392108829.0,1392108829.0,"6,4"
1392108829.0,1392108829.0,6
1392108830.0,1392108830.0,"6,4"
1392108830.0,1392108830.0,6
1392108831.0,1392108831.0,"6,4"
1392108831.0,1392108831.0,6
1392108832.0,1392108832.0,"6,4"
1392108832.0,1392108832.0,6
1392108833.0,1392108833.0,"6,4"
1392108833.0,1392108833.0,6
1392108834.0,1392108834.0,"6,4"
1392108834.0,1392108834.0,6
1392108835.0,1392108835.0,"6,4"
1392108835.0,1392108835.0,6
1392108836.0,1392108836.0,"6,4"
1392108836.0,1392108836.0,6
1392108837.0,1392108837.0,"6,4"
1392108837.0,1392108837.0,6
1392108838.0,1392108838.0,"6,4"
1392108838.0,1392108838.0,6
1392108839.0,1392108839.0,"6,4"
1392108839.0,1392108839.0,6
1392108840.0,1392108840.0,"6,4"
1392108840.0,1392108840.0,6
1392108841.0,1392108841.0,"6,4"
1392108841.0,1392108841.0,6
1392108842.0,1392108842.0,"6,4"
1392108842.0,1392108842.0,6
1392108843.0,1392108843.0,"6,4"
1392108843.0,1392108843.0,6
1392108844.0,1392108844.0,"6,4"
1392108844.0,1392108844.0,6
1392108845.0,1392108845.0,"6,4"
1392108845.0,1392108845.0,6
1392108846.0,1392108846.0,"6,4"
1392108846.0,1392108846.0,6
1392108847.0,1392108847.0,"6,4"
1392108847.0,1392108847.0,6
1392108848.0,1392108848.0,"6,4"
1392108848.0,1392108848.0,6
1392108849.0,1392108849.0,"6,4"
1392108849.0,1392108849.0,6
1392108850.0,1392108850.0,"6,4"
1392108850.0,1392108850.0,6
1392108851.0,1392108851.0,"6,4"
1392108851.0,1392108851.0,6
1392108852.0,1392108852.0,"6,4"
1392108852.0,1392108852.0,6
1392108853.0,1392108853.0,"6,4"
1392108853.0,1392108853.0,6
1392108854.0,1392108854.0,"6,4"
1392108854.0,1392108854.0,6
1392108855.0,1392108855.0,"6,4"
1392108855.0,1392108855.0,6
1392108856.0,1392108856.0,"6,4"
1392108856.0,1392108856.0,6
1392108857.0,1392108857.0,"6,4"
1392108857.0,1392108857.0,6
1392108858.0,1392108858.0,"6,4"
1392108858.0,1392108858.0,6
1392108859.0,1392108859.0,"6,4"
1392108859.0,1392108859.0,6
1392108860.0,1392108860.0,"6,4"
1392108860.0,1392108860.0,6
1392108861.0,1392108861.0,"6,4"
1392108861.0,1392108861.0,6
1392108862.0,1392108862.0,"6,4"
1392108862.0,1392108862.0,6
1392108863.0,1392108863.0,"6,4"
1392108863.0,1392108863.0,6
1392108864.0,1392108864.0,"6,4"
1392108864.0,1392108864.0,6
1392108865.0,1392108865.0,"6,4"
1392108865.0,1392108865.0,6
1392108866.0,1392108866.0,"6,4"
1392108866.0,1392108866.0,6
1392108867.0,1392108867.0,"6,4"
1392108867.0,1392108867.0,6
1392108868.0,1392108868.0,"6,4"
1392108868.0,1392108868.0,6
1392108869.0,1392108869.0,"6,4"
1392108869.0,1392108869.0,6
1392108870.0,1392108870.0,"6,4"
1392108870.0,1392108870.0,6
1392108871.0,1392108871.0,"6,4"
1392108871.0,1392108871.0,6
1392108872.0,1392108872.0,"6,4"
1392108872.0,1392108872.0,6
1392108873.0,1392108873.0,"6,4"
1392108873.0,1392108873.0,6
1392108874.0,1392108874.0,"6,4"
1392108874.0,1392108874.0,6
1392108875.0,1392108875.0,"6,4"
1392108875.0,1392108875.0,6
1392108876.0,1392108876.0,"6,4"
1392108876.0,1392108876.0,6
1392108877.0,1392108877.0,"6,4"
1392108877.0,1392108877.0,6
1392108878.0,1392108878.0,"6,4"
1392108878.0,1392108878.0,6
1392108879.0,1392108879.0,"6,4"
1392108879.0,1392108879.0,6
1392108880.0,1392108880.0,"6,4"
1392108880.0,1392108880.0,6
1392108881.0,1392108881.0,"6,4"
1392108881.0,1392108881.0,6
1392108882.0,1392108882.0,"6,4"
1392108882.0,1392108882.0,6
1392108883.0,1392108883.0,"6,4"
1392108883.0,1392108883.0,6
1392108884.0,1392108884.0,"6,4"
1392108884.0,1392108884.0,6
1392108885.0,1392108885.0,"6,4"
1392108885.0,1392108885.0,6
1392108886.0,1392108886.0,"6,4"
1392108886.0,1392108886.0,6
1392108887.0,1392108887.0,"6,4"
1392108887.0,1392108887.0,6
1392108888.0,1392108888.0,"6,4"
1392108888.0,1392108888.0,6
1392108889.0,1392108889.0,"6,4"
1392108889.0,1392108889.0,6
1392108890.0,1392108890.0,"6,4"
1392108890.0,1392108890.0,6
1392108891.0,1392108891.0,"6,4"
1392108891.0,1392108891.0,6
1392108892.0,1392108892.0,"6,4"
1392108892.0,1392108892.0,6
1392108893.0,1392108893.0,"6,4"
1392108893.0,1392108893.0,6
1392108894.0,1392108894.0,"6,4"
1392108894.0,1392108894.0,6
1392108895.0,1392108895.0,"6,4"
1392108895.0,1392108895.0,6
1392108896.0,1392108896.0,"6,4"
1392108896.0,1392108896.0,6
1392108897.0,1392108897.0,"6,4"
1392108897.0,1392108897.0,6
1392108898.0,1392108898.0,"6,4"
1392108898.0,1392108898.0,6
1392108899.0,1392108899.0,"6,4"
1392108899.0,1392108899.0,6
1392108900.0,1392108900.0,"6,4"
1392108900.0,1392108900.0,6
1392108901.0,1392108901.0,"6,4"
1392108901.0,1392108901.0,6
1392108902.0,1392108902.0,"6,4"
1392108902.0,1392108902.0,6
1392108903.0,1392108903.0,"6,4"
1392108903.0,1392108903.0,6
1392108904.0,1392108904.0,"6,4"
1392108904.0,1392108904.0,6
1392108905.0,1392108905.0,"6,4"
1392108905.0,1392108905.0,6
1392108906.0,1392108906.0,"6,4"
1392108906.0,1392108906.0,6
1392108907.0,1392108907.0,"6,4"
1392108907.0,1392108907.0,6
1392108908.0,1392108908.0,"6,4"
1392108908.0,1392108908.0,6
1392108909.0,1392108909.0,"6,4"
1392108909.0,1392108909.0,6
1392108910.0,1392108910.0,"6,4"
1392108910.0,1392108910.0,6
1392108911.0,1392108911.0,"6,4"
1392108911.0,1392108911.0,6
1392108912.0,1392108912.0,"6,4"
1392108912.0,1392108912.0,6
1392108913.0,1392108913.0,"6,4"
1392108913.0,1392108913.0,6
1392108914.0,1392108914.0,"6,4"
1392108914.0,1392108914.0,6
1392108915.0,1392108915.0,"6,4"
1392108915.0,1392108915.0,6
1392108916.0,1392108916.0,"6,4"
1392108916.0,1392108916.0,6
1392108917.0,1392108917.0,"6,4"
1392108917.0,1392108917.0,6
1392108918.0,1392108918.0,"6,4"
1392108918.0,1392108918.0,6
1392108919.0,1392108919.0,"6,4"
1392108919.0,1392108919.0,6
1392108920.0,1392108920.0,"6,4"
1392108920.0,1392108920.0,6
1392108921.0,1392108921.0,"6,4"
1392108921.0,1392108921.0,6
1392108922.0,1392108922.0,"6,4"
1392108922.0,1392108922.0,6
1392108923.0,1392108923.0,"6,4"
1392108923.0,1392108923.0,6
1392108924.0,1392108924.0,"6,4"
1392108924.0,1392108924.0,6
1392108925.0,1392108925.0,"6,4"
1392108925.0,1392108925.0,6
1392108926.0,1392108926.0,"6,4"
1392108926.0,1392108926.0,6
1392108927.0,1392108927.0,"6,4"
1392108927.0,1392108927.0,6
1392108928.0,1392108928.0,"6,4"
1392108928.0,1392108928.0,6
1392108929.0,1392108929.0,"6,4"
1392108929.0,1392108929.0,6
1392108930.0,1392108930.0,"6,4"
1392108930.0,1392108930.0,6
1392108931.0,1392108931.0,"6,4"
1392108931.0,1392108931.0,6
1392108932.0,1392108932.0,"6,4"
1392108932.0,1392108932.0,6
1392108933.0,1392108933.0,"6,4"
1392108933.0,1392108933.0,6
1392108934.0,1392108934.0,"6,4"
1392108934.0,1392108934.0,6
1392108935.0,1392108935.0,"6,4"
1392108935.0,1392108935.0,6
1392108936.0,1392108936.0,"6,4"
1392108936.0,1392108936.0,6
1392108937.0,1392108937.0,"6,4"
1392108937.0,1392108937.0,6
1392108938.0,1392108938.0,"6,4"
1392108938.0,1392108938.0,6
1392108939.0,1392108939.0,"6,4"
1392108939.0,1392108939.0,6
1392108940.0,1392108940.0,"6,4"
1392108940.0,1392108940.0,6
1392108941.0,1392108941.0,"6,4"
1392108941.0,1392108941.0,6
1392108942.0,1392108942.0,"6,4"
1392108942.0,1392108942.0,6
1392108943.0,1392108943.0,"6,4"
1392108943.0,1392108943.0,6
1392108944.0,1392108944.0,"6,4"
1392108944.0,1392108944.0,6
