1392118952.0,1392118952.0.1,6
1392118952.0,1392118952.0,"6,3"
1392118952.0,1392118952.0,6
1392118952.0,1392118952.0,3
1392118953.0,1392118953.0,"6,3"
1392118953.0,1392118953.0,6
1392118953.0,1392118953.0,3
1392118954.0,1392118954.0,"6,3"
1392118954.0,1392118954.0,6
1392118954.0,1392118954.0,3
1392118955.0,1392118955.0,"6,3"
1392118955.0,1392118955.0,6
1392118955.0,1392118955.0,3
1392118956.0,1392118956.0,"6,3"
1392118956.0,1392118956.0,6
1392118956.0,1392118956.0,3
1392118957.0,1392118957.0,"6,3"
1392118957.0,1392118957.0,6
1392118957.0,1392118957.0,3
1392118958.0,1392118958.0,"6,3"
1392118958.0,1392118958.0,6
1392118958.0,1392118958.0,3
1392118959.0,1392118959.0,"6,3"
1392118959.0,1392118959.0,6
1392118959.0,1392118959.0,3
1392118960.0,1392118960.0,"6,3"
1392118960.0,1392118960.0,6
1392118960.0,1392118960.0,3
1392118961.0,1392118961.0,"6,3"
1392118961.0,1392118961.0,6
1392118961.0,1392118961.0,3
1392118962.0,1392118962.0,"6,3"
1392118962.0,1392118962.0,6
1392118962.0,1392118962.0,3
1392118963.0,1392118963.0,"6,3"
1392118963.0,1392118963.0,6
1392118963.0,1392118963.0,3
1392118964.0,1392118964.0,"6,3"
1392118964.0,1392118964.0,6
1392118964.0,1392118964.0,3
1392118965.0,1392118965.0,"6,3"
1392118965.0,1392118965.0,6
1392118965.0,1392118965.0,3
1392118966.0,1392118966.0,"6,3"
1392118966.0,1392118966.0,6
1392118966.0,1392118966.0,3
1392118967.0,1392118967.0,"6,3"
1392118967.0,1392118967.0,6
1392118967.0,1392118967.0,3
1392118968.0,1392118968.0,"6,3"
1392118968.0,1392118968.0,6
1392118968.0,1392118968.0,3
1392118969.0,1392118969.0,"6,3"
1392118969.0,1392118969.0,6
1392118969.0,1392118969.0,3
1392118970.0,1392118970.0,"6,3"
1392118970.0,1392118970.0,6
1392118970.0,1392118970.0,3
1392118971.0,1392118971.0,"6,3"
1392118971.0,1392118971.0,6
1392118971.0,1392118971.0,3
1392118972.0,1392118972.0,"6,3"
1392118972.0,1392118972.0,6
1392118972.0,1392118972.0,3
1392118973.0,1392118973.0,"6,3"
1392118973.0,1392118973.0,6
1392118973.0,1392118973.0,3
1392118974.0,1392118974.0,"6,3"
1392118974.0,1392118974.0,6
1392118974.0,1392118974.0,3
1392118975.0,1392118975.0,"6,3"
1392118975.0,1392118975.0,6
1392118975.0,1392118975.0,3
1392118976.0,1392118976.0,"6,3"
1392118976.0,1392118976.0,6
1392118976.0,1392118976.0,3
1392118977.0,1392118977.0,"6,3"
1392118977.0,1392118977.0,6
1392118977.0,1392118977.0,3
1392118978.0,1392118978.0,"6,3"
1392118978.0,1392118978.0,6
1392118978.0,1392118978.0,3
1392118979.0,1392118979.0,"6,3"
1392118979.0,1392118979.0,6
1392118979.0,1392118979.0,3
1392118980.0,1392118980.0,"6,3"
1392118980.0,1392118980.0,6
1392118980.0,1392118980.0,3
1392118981.0,1392118981.0,"6,3"
1392118981.0,1392118981.0,6
1392118981.0,1392118981.0,3
1392118982.0,1392118982.0,"6,3"
1392118982.0,1392118982.0,6
1392118982.0,1392118982.0,3
1392118983.0,1392118983.0,"6,3"
1392118983.0,1392118983.0,6
1392118983.0,1392118983.0,3
1392118984.0,1392118984.0,"6,3"
1392118984.0,1392118984.0,6
1392118984.0,1392118984.0,3
1392118985.0,1392118985.0,"6,3"
1392118985.0,1392118985.0,6
1392118985.0,1392118985.0,3
1392118986.0,1392118986.0,"6,3"
1392118986.0,1392118986.0,6
1392118986.0,1392118986.0,3
1392118987.0,1392118987.0,"6,3"
1392118987.0,1392118987.0,6
1392118987.0,1392118987.0,3
1392118988.0,1392118988.0,"6,3"
1392118988.0,1392118988.0,6
1392118988.0,1392118988.0,3
1392118989.0,1392118989.0,"6,3"
1392118989.0,1392118989.0,6
1392118989.0,1392118989.0,3
1392118990.0,1392118990.0,"6,3"
1392118990.0,1392118990.0,6
1392118990.0,1392118990.0,3
1392118991.0,1392118991.0,"6,3"
1392118991.0,1392118991.0,6
1392118991.0,1392118991.0,3
1392118992.0,1392118992.0,"6,3"
1392118992.0,1392118992.0,6
1392118992.0,1392118992.0,3
1392118993.0,1392118993.0,"6,3"
1392118993.0,1392118993.0,6
1392118993.0,1392118993.0,3
1392118994.0,1392118994.0,"6,3"
1392118994.0,1392118994.0,6
1392118994.0,1392118994.0,3
1392118995.0,1392118995.0,"6,3"
1392118995.0,1392118995.0,6
1392118995.0,1392118995.0,3
1392118996.0,1392118996.0,"6,3"
1392118996.0,1392118996.0,6
1392118996.0,1392118996.0,3
1392118997.0,1392118997.0,"6,3"
1392118997.0,1392118997.0,6
1392118997.0,1392118997.0,3
1392118998.0,1392118998.0,"6,3"
1392118998.0,1392118998.0,6
1392118998.0,1392118998.0,3
1392118999.0,1392118999.0,"6,3"
1392118999.0,1392118999.0,6
1392118999.0,1392118999.0,3
1392119000.0,1392119000.0,"6,3"
1392119000.0,1392119000.0,6
1392119000.0,1392119000.0,3
1392119001.0,1392119001.0,"6,3"
1392119001.0,1392119001.0,6
1392119001.0,1392119001.0,3
1392119002.0,1392119002.0,"6,3"
1392119002.0,1392119002.0,6
1392119002.0,1392119002.0,3
1392119003.0,1392119003.0,"6,3"
1392119003.0,1392119003.0,6
1392119003.0,1392119003.0,3
1392119004.0,1392119004.0,"6,3"
1392119004.0,1392119004.0,6
1392119004.0,1392119004.0,3
1392119005.0,1392119005.0,"6,3"
1392119005.0,1392119005.0,6
1392119005.0,1392119005.0,3
1392119006.0,1392119006.0,"6,3"
1392119006.0,1392119006.0,6
1392119006.0,1392119006.0,3
1392119007.0,1392119007.0,"6,3"
1392119007.0,1392119007.0,6
1392119007.0,1392119007.0,3
1392119008.0,1392119008.0,"6,3"
1392119008.0,1392119008.0,6
1392119008.0,1392119008.0,3
1392119009.0,1392119009.0,"6,3"
1392119009.0,1392119009.0,6
1392119009.0,1392119009.0,3
1392119010.0,1392119010.0,"6,3"
1392119010.0,1392119010.0,6
1392119010.0,1392119010.0,3
1392119011.0,1392119011.0,"6,3"
1392119011.0,1392119011.0,6
1392119011.0,1392119011.0,3
1392119012.0,1392119012.0,"6,3"
1392119012.0,1392119012.0,6
1392119012.0,1392119012.0,3
1392119013.0,1392119013.0,"6,3"
1392119013.0,1392119013.0,6
1392119013.0,1392119013.0,3
1392119014.0,1392119014.0,"6,3"
1392119014.0,1392119014.0,6
1392119014.0,1392119014.0,3
1392119015.0,1392119015.0,"6,3"
1392119015.0,1392119015.0,6
1392119015.0,1392119015.0,3
1392119016.0,1392119016.0,"6,3"
1392119016.0,1392119016.0,6
1392119016.0,1392119016.0,3
1392119017.0,1392119017.0,"6,3"
1392119017.0,1392119017.0,6
1392119017.0,1392119017.0,3
1392119018.0,1392119018.0,"6,3"
1392119018.0,1392119018.0,6
1392119018.0,1392119018.0,3
1392119019.0,1392119019.0,"6,3"
1392119019.0,1392119019.0,6
1392119019.0,1392119019.0,3
1392119020.0,1392119020.0,"6,3"
1392119020.0,1392119020.0,6
1392119020.0,1392119020.0,3
1392119021.0,1392119021.0,"6,3"
1392119021.0,1392119021.0,6
1392119021.0,1392119021.0,3
1392119022.0,1392119022.0,"6,3"
1392119022.0,1392119022.0,6
1392119022.0,1392119022.0,3
1392119023.0,1392119023.0,"6,3"
1392119023.0,1392119023.0,6
1392119023.0,1392119023.0,3
1392119024.0,1392119024.0,"6,3"
1392119024.0,1392119024.0,6
1392119024.0,1392119024.0,3
1392119025.0,1392119025.0,"6,3"
1392119025.0,1392119025.0,6
1392119025.0,1392119025.0,3
1392119026.0,1392119026.0,"6,3"
1392119026.0,1392119026.0,6
1392119026.0,1392119026.0,3
1392119027.0,1392119027.0,"6,3"
1392119027.0,1392119027.0,6
1392119027.0,1392119027.0,3
1392119028.0,1392119028.0,"6,3"
1392119028.0,1392119028.0,6
1392119028.0,1392119028.0,3
1392119029.0,1392119029.0,"6,3"
1392119029.0,1392119029.0,6
1392119029.0,1392119029.0,3
1392119030.0,1392119030.0,"6,3"
1392119030.0,1392119030.0,6
1392119030.0,1392119030.0,3
1392119031.0,1392119031.0,"6,3"
1392119031.0,1392119031.0,6
1392119031.0,1392119031.0,3
1392119032.0,1392119032.0,"6,3"
1392119032.0,1392119032.0,6
1392119032.0,1392119032.0,3
1392119033.0,1392119033.0,"6,3"
1392119033.0,1392119033.0,6
1392119033.0,1392119033.0,3
1392119034.0,1392119034.0,"6,3"
1392119034.0,1392119034.0,6
1392119034.0,1392119034.0,3
1392119035.0,1392119035.0,"6,3"
1392119035.0,1392119035.0,6
1392119035.0,1392119035.0,3
1392119036.0,1392119036.0,"6,3"
1392119036.0,1392119036.0,6
1392119036.0,1392119036.0,3
1392119037.0,1392119037.0,"6,3"
1392119037.0,1392119037.0,6
1392119037.0,1392119037.0,3
1392119038.0,1392119038.0,"6,3"
1392119038.0,1392119038.0,6
1392119038.0,1392119038.0,3
1392119039.0,1392119039.0,"6,3"
1392119039.0,1392119039.0,6
1392119039.0,1392119039.0,3
1392119040.0,1392119040.0,"6,3"
1392119040.0,1392119040.0,6
1392119040.0,1392119040.0,3
1392119041.0,1392119041.0,"6,3"
1392119041.0,1392119041.0,6
1392119041.0,1392119041.0,3
1392119042.0,1392119042.0,"6,3"
1392119042.0,1392119042.0,6
1392119042.0,1392119042.0,3
1392119043.0,1392119043.0,"6,3"
1392119043.0,1392119043.0,6
1392119043.0,1392119043.0,3
1392119044.0,1392119044.0,"6,3"
1392119044.0,1392119044.0,6
1392119044.0,1392119044.0,3
1392119045.0,1392119045.0,"6,3"
1392119045.0,1392119045.0,6
1392119045.0,1392119045.0,3
1392119046.0,1392119046.0,"6,3"
1392119046.0,1392119046.0,6
1392119046.0,1392119046.0,3
1392119047.0,1392119047.0,"6,3"
1392119047.0,1392119047.0,6
1392119047.0,1392119047.0,3
1392119048.0,1392119048.0,"6,3"
1392119048.0,1392119048.0,6
1392119048.0,1392119048.0,3
1392119049.0,1392119049.0,"6,3"
1392119049.0,1392119049.0,6
1392119049.0,1392119049.0,3
1392119050.0,1392119050.0,"6,3"
1392119050.0,1392119050.0,6
1392119050.0,1392119050.0,3
1392119051.0,1392119051.0,"6,3"
1392119051.0,1392119051.0,6
1392119051.0,1392119051.0,3
1392119052.0,1392119052.0,"6,3"
1392119052.0,1392119052.0,6
1392119052.0,1392119052.0,3
1392119053.0,1392119053.0,"6,3"
1392119053.0,1392119053.0,6
1392119053.0,1392119053.0,3
1392119054.0,1392119054.0,"6,3"
1392119054.0,1392119054.0,6
1392119054.0,1392119054.0,3
1392119055.0,1392119055.0,"6,3"
1392119055.0,1392119055.0,6
1392119055.0,1392119055.0,3
1392119056.0,1392119056.0,"6,3"
1392119056.0,1392119056.0,6
1392119056.0,1392119056.0,3
1392119057.0,1392119057.0,"6,3"
1392119057.0,1392119057.0,6
1392119057.0,1392119057.0,3
1392119058.0,1392119058.0,"6,3"
1392119058.0,1392119058.0,6
1392119058.0,1392119058.0,3
1392119059.0,1392119059.0,"6,3"
1392119059.0,1392119059.0,6
1392119059.0,1392119059.0,3
1392119060.0,1392119060.0,"6,3"
1392119060.0,1392119060.0,6
1392119060.0,1392119060.0,3
1392119061.0,1392119061.0,"6,3"
1392119061.0,1392119061.0,6
1392119061.0,1392119061.0,3
1392119062.0,1392119062.0,"6,3"
1392119062.0,1392119062.0,6
1392119062.0,1392119062.0,3
1392119063.0,1392119063.0,"6,3"
1392119063.0,1392119063.0,6
1392119063.0,1392119063.0,3
1392119064.0,1392119064.0,"6,3"
1392119064.0,1392119064.0,6
1392119064.0,1392119064.0,3
1392119065.0,1392119065.0,"6,3"
1392119065.0,1392119065.0,6
1392119065.0,1392119065.0,3
1392119066.0,1392119066.0,"6,3"
1392119066.0,1392119066.0,6
1392119066.0,1392119066.0,3
1392119067.0,1392119067.0,"6,3"
1392119067.0,1392119067.0,6
1392119067.0,1392119067.0,3
1392119068.0,1392119068.0,"6,3"
1392119068.0,1392119068.0,6
1392119068.0,1392119068.0,3
1392119069.0,1392119069.0,"6,3"
1392119069.0,1392119069.0,6
1392119069.0,1392119069.0,3
1392119070.0,1392119070.0,"6,3"
1392119070.0,1392119070.0,6
1392119070.0,1392119070.0,3
1392119071.0,1392119071.0,"6,3"
1392119071.0,1392119071.0,6
1392119071.0,1392119071.0,3
1392119072.0,1392119072.0,"6,3"
1392119072.0,1392119072.0,6
1392119072.0,1392119072.0,3
1392119073.0,1392119073.0,"6,3"
1392119073.0,1392119073.0,6
1392119073.0,1392119073.0,3
1392119074.0,1392119074.0,"6,3"
1392119074.0,1392119074.0,6
1392119074.0,1392119074.0,3
1392119075.0,1392119075.0,"6,3"
1392119075.0,1392119075.0,6
1392119075.0,1392119075.0,3
1392119076.0,1392119076.0,"6,3"
1392119076.0,1392119076.0,6
1392119076.0,1392119076.0,3
1392119077.0,1392119077.0,"6,3"
1392119077.0,1392119077.0,6
1392119077.0,1392119077.0,3
1392119078.0,1392119078.0,"6,3"
1392119078.0,1392119078.0,6
1392119078.0,1392119078.0,3
1392119079.0,1392119079.0,"6,3"
1392119079.0,1392119079.0,6
1392119079.0,1392119079.0,3
1392119080.0,1392119080.0,"6,3"
1392119080.0,1392119080.0,6
1392119080.0,1392119080.0,3
1392119081.0,1392119081.0,"6,3"
1392119081.0,1392119081.0,6
1392119081.0,1392119081.0,3
1392119082.0,1392119082.0,"6,3"
1392119082.0,1392119082.0,6
1392119082.0,1392119082.0,3
1392119083.0,1392119083.0,"6,3"
1392119083.0,1392119083.0,6
1392119083.0,1392119083.0,3
1392119084.0,1392119084.0,"6,3"
1392119084.0,1392119084.0,6
1392119084.0,1392119084.0,3
1392119085.0,1392119085.0,"6,3"
1392119085.0,1392119085.0,6
1392119085.0,1392119085.0,3
1392119086.0,1392119086.0,"6,3"
1392119086.0,1392119086.0,6
1392119086.0,1392119086.0,3
1392119087.0,1392119087.0,"6,3"
1392119087.0,1392119087.0,6
1392119087.0,1392119087.0,3
1392119088.0,1392119088.0,"6,3"
1392119088.0,1392119088.0,6
1392119088.0,1392119088.0,3
1392119089.0,1392119089.0,"6,3"
1392119089.0,1392119089.0,6
1392119089.0,1392119089.0,3
1392119090.0,1392119090.0,"6,3"
1392119090.0,1392119090.0,6
1392119090.0,1392119090.0,3
1392119091.0,1392119091.0,"6,3"
1392119091.0,1392119091.0,6
1392119091.0,1392119091.0,3
1392119092.0,1392119092.0,"6,3"
1392119092.0,1392119092.0,6
1392119092.0,1392119092.0,3
1392119093.0,1392119093.0,"6,3"
1392119093.0,1392119093.0,6
1392119093.0,1392119093.0,3
1392119094.0,1392119094.0,"6,3"
1392119094.0,1392119094.0,6
1392119094.0,1392119094.0,3
1392119095.0,1392119095.0,"6,3"
1392119095.0,1392119095.0,6
1392119095.0,1392119095.0,3
1392119096.0,1392119096.0,"6,3"
1392119096.0,1392119096.0,6
1392119096.0,1392119096.0,3
1392119097.0,1392119097.0,"6,3"
1392119097.0,1392119097.0,6
1392119097.0,1392119097.0,3
1392119098.0,1392119098.0,"6,3"
1392119098.0,1392119098.0,6
1392119098.0,1392119098.0,3
1392119099.0,1392119099.0,"6,3"
1392119099.0,1392119099.0,6
1392119099.0,1392119099.0,3
1392119100.0,1392119100.0,"6,3"
1392119100.0,1392119100.0,6
1392119100.0,1392119100.0,3
1392119101.0,1392119101.0,"6,3"
1392119101.0,1392119101.0,6
1392119101.0,1392119101.0,3
1392119102.0,1392119102.0,"6,3"
1392119102.0,1392119102.0,6
1392119102.0,1392119102.0,3
1392119103.0,1392119103.0,"6,3"
1392119103.0,1392119103.0,6
1392119103.0,1392119103.0,3
1392119104.0,1392119104.0,"6,3"
1392119104.0,1392119104.0,6
1392119104.0,1392119104.0,3
1392119105.0,1392119105.0,"6,3"
1392119105.0,1392119105.0,6
1392119105.0,1392119105.0,3
1392119106.0,1392119106.0,"6,3"
1392119106.0,1392119106.0,6
1392119106.0,1392119106.0,3
1392119107.0,1392119107.0,"6,3"
1392119107.0,1392119107.0,6
1392119107.0,1392119107.0,3
1392119108.0,1392119108.0,"6,3"
1392119108.0,1392119108.0,6
1392119108.0,1392119108.0,3
1392119109.0,1392119109.0,"6,3"
1392119109.0,1392119109.0,6
1392119109.0,1392119109.0,3
1392119110.0,1392119110.0,"6,3"
1392119110.0,1392119110.0,6
1392119110.0,1392119110.0,3
1392119111.0,1392119111.0,"6,3"
1392119111.0,1392119111.0,6
1392119111.0,1392119111.0,3
1392119112.0,1392119112.0,"6,3"
1392119112.0,1392119112.0,6
1392119112.0,1392119112.0,3
1392119113.0,1392119113.0,"6,3"
1392119113.0,1392119113.0,6
1392119113.0,1392119113.0,3
1392119114.0,1392119114.0,"6,3"
1392119114.0,1392119114.0,6
1392119114.0,1392119114.0,3
1392119115.0,1392119115.0,"6,3"
1392119115.0,1392119115.0,6
