1392104559.0,1392104559.0.1,3
1392104560.0,1392104560.0,"4,3"
1392104560.0,1392104560.0,4
1392104560.0,1392104560.0,3
1392104561.0,1392104561.0,"4,3"
1392104561.0,1392104561.0,4
1392104561.0,1392104561.0,3
1392104562.0,1392104562.0,"4,3"
1392104562.0,1392104562.0,4
1392104562.0,1392104562.0,3
1392104563.0,1392104563.0,"4,3"
1392104563.0,1392104563.0,4
1392104563.0,1392104563.0,3
1392104564.0,1392104564.0,"4,3"
1392104564.0,1392104564.0,4
1392104564.0,1392104564.0,3
1392104565.0,1392104565.0,"4,3"
1392104565.0,1392104565.0,4
1392104565.0,1392104565.0,3
1392104566.0,1392104566.0,"4,3"
1392104566.0,1392104566.0,4
1392104566.0,1392104566.0,3
1392104567.0,1392104567.0,"4,3"
1392104567.0,1392104567.0,4
1392104567.0,1392104567.0,3
1392104568.0,1392104568.0,"4,3"
1392104568.0,1392104568.0,4
1392104568.0,1392104568.0,3
1392104569.0,1392104569.0,"4,3"
1392104569.0,1392104569.0,4
1392104569.0,1392104569.0,3
1392104570.0,1392104570.0,"4,3"
1392104570.0,1392104570.0,4
1392104570.0,1392104570.0,3
1392104571.0,1392104571.0,"4,3"
1392104571.0,1392104571.0,4
1392104571.0,1392104571.0,3
1392104572.0,1392104572.0,"4,3"
1392104572.0,1392104572.0,4
1392104572.0,1392104572.0,3
1392104573.0,1392104573.0,"4,3"
1392104573.0,1392104573.0,4
1392104573.0,1392104573.0,3
1392104574.0,1392104574.0,"4,3"
1392104574.0,1392104574.0,4
1392104574.0,1392104574.0,3
1392104575.0,1392104575.0,"4,3"
1392104575.0,1392104575.0,4
1392104575.0,1392104575.0,3
1392104576.0,1392104576.0,"4,3"
1392104576.0,1392104576.0,4
1392104576.0,1392104576.0,3
1392104577.0,1392104577.0,"4,3"
1392104577.0,1392104577.0,4
1392104577.0,1392104577.0,3
1392104578.0,1392104578.0,"4,3"
1392104578.0,1392104578.0,4
1392104578.0,1392104578.0,3
1392104579.0,1392104579.0,"4,3"
1392104579.0,1392104579.0,4
1392104579.0,1392104579.0,3
1392104580.0,1392104580.0,"4,3"
1392104580.0,1392104580.0,4
1392104580.0,1392104580.0,3
1392104581.0,1392104581.0,"4,3"
1392104581.0,1392104581.0,4
1392104581.0,1392104581.0,3
1392104582.0,1392104582.0,"4,3"
1392104582.0,1392104582.0,4
1392104582.0,1392104582.0,3
1392104583.0,1392104583.0,"4,3"
1392104583.0,1392104583.0,4
1392104583.0,1392104583.0,3
1392104584.0,1392104584.0,"4,3"
1392104584.0,1392104584.0,4
1392104584.0,1392104584.0,3
1392104585.0,1392104585.0,"4,3"
1392104585.0,1392104585.0,4
1392104585.0,1392104585.0,3
1392104586.0,1392104586.0,"4,3"
1392104586.0,1392104586.0,4
1392104586.0,1392104586.0,3
1392104587.0,1392104587.0,"4,3"
1392104587.0,1392104587.0,4
1392104587.0,1392104587.0,3
1392104588.0,1392104588.0,"4,3"
1392104588.0,1392104588.0,4
1392104588.0,1392104588.0,3
1392104589.0,1392104589.0,"4,3"
1392104589.0,1392104589.0,4
1392104589.0,1392104589.0,3
1392104590.0,1392104590.0,"4,3"
1392104590.0,1392104590.0,4
1392104590.0,1392104590.0,3
1392104591.0,1392104591.0,"4,3"
1392104591.0,1392104591.0,4
1392104591.0,1392104591.0,3
1392104592.0,1392104592.0,"4,3"
1392104592.0,1392104592.0,4
1392104592.0,1392104592.0,3
1392104593.0,1392104593.0,"4,3"
1392104593.0,1392104593.0,4
1392104593.0,1392104593.0,3
1392104594.0,1392104594.0,"4,3"
1392104594.0,1392104594.0,4
1392104594.0,1392104594.0,3
1392104595.0,1392104595.0,"4,3"
1392104595.0,1392104595.0,4
1392104595.0,1392104595.0,3
1392104596.0,1392104596.0,"4,3"
1392104596.0,1392104596.0,4
1392104596.0,1392104596.0,3
1392104597.0,1392104597.0,"4,3"
1392104597.0,1392104597.0,4
1392104597.0,1392104597.0,3
1392104598.0,1392104598.0,"4,3"
1392104598.0,1392104598.0,4
1392104598.0,1392104598.0,3
1392104599.0,1392104599.0,"4,3"
1392104599.0,1392104599.0,4
1392104599.0,1392104599.0,3
1392104600.0,1392104600.0,"4,3"
1392104600.0,1392104600.0,4
1392104600.0,1392104600.0,3
1392104601.0,1392104601.0,"4,3"
1392104601.0,1392104601.0,4
1392104601.0,1392104601.0,3
1392104602.0,1392104602.0,"4,3"
1392104602.0,1392104602.0,4
1392104602.0,1392104602.0,3
1392104603.0,1392104603.0,"4,3"
1392104603.0,1392104603.0,4
1392104603.0,1392104603.0,3
1392104604.0,1392104604.0,"4,3"
1392104604.0,1392104604.0,4
1392104604.0,1392104604.0,3
1392104605.0,1392104605.0,"4,3"
1392104605.0,1392104605.0,4
1392104605.0,1392104605.0,3
1392104606.0,1392104606.0,"4,3"
1392104606.0,1392104606.0,4
1392104606.0,1392104606.0,3
1392104607.0,1392104607.0,"4,3"
1392104607.0,1392104607.0,4
1392104607.0,1392104607.0,3
1392104608.0,1392104608.0,"4,3"
1392104608.0,1392104608.0,4
1392104608.0,1392104608.0,3
1392104609.0,1392104609.0,"4,3"
1392104609.0,1392104609.0,4
1392104609.0,1392104609.0,3
1392104610.0,1392104610.0,"4,3"
1392104610.0,1392104610.0,4
1392104610.0,1392104610.0,3
1392104611.0,1392104611.0,"4,3"
1392104611.0,1392104611.0,4
1392104611.0,1392104611.0,3
1392104612.0,1392104612.0,"4,3"
1392104612.0,1392104612.0,4
1392104612.0,1392104612.0,3
1392104613.0,1392104613.0,"4,3"
1392104613.0,1392104613.0,4
1392104613.0,1392104613.0,3
1392104614.0,1392104614.0,"4,3"
1392104614.0,1392104614.0,4
1392104614.0,1392104614.0,3
1392104615.0,1392104615.0,"4,3"
1392104615.0,1392104615.0,4
1392104615.0,1392104615.0,3
1392104616.0,1392104616.0,"4,3"
1392104616.0,1392104616.0,4
1392104616.0,1392104616.0,3
1392104617.0,1392104617.0,"4,3"
1392104617.0,1392104617.0,4
1392104617.0,1392104617.0,3
1392104618.0,1392104618.0,"4,3"
1392104618.0,1392104618.0,4
1392104618.0,1392104618.0,3
1392104619.0,1392104619.0,"4,3"
1392104619.0,1392104619.0,4
1392104619.0,1392104619.0,3
1392104620.0,1392104620.0,"4,3"
1392104620.0,1392104620.0,4
1392104620.0,1392104620.0,3
1392104621.0,1392104621.0,"4,3"
1392104621.0,1392104621.0,4
1392104621.0,1392104621.0,3
1392104622.0,1392104622.0,"4,3"
1392104622.0,1392104622.0,4
1392104622.0,1392104622.0,3
1392104623.0,1392104623.0,"4,3"
1392104623.0,1392104623.0,4
1392104623.0,1392104623.0,3
1392104624.0,1392104624.0,"4,3"
1392104624.0,1392104624.0,4
1392104624.0,1392104624.0,3
1392104625.0,1392104625.0,"4,3"
1392104625.0,1392104625.0,4
1392104625.0,1392104625.0,3
1392104626.0,1392104626.0,"4,3"
1392104626.0,1392104626.0,4
1392104626.0,1392104626.0,3
1392104627.0,1392104627.0,"4,3"
1392104627.0,1392104627.0,4
1392104627.0,1392104627.0,3
1392104628.0,1392104628.0,"4,3"
1392104628.0,1392104628.0,4
1392104628.0,1392104628.0,3
1392104629.0,1392104629.0,"4,3"
1392104629.0,1392104629.0,4
1392104629.0,1392104629.0,3
1392104630.0,1392104630.0,"4,3"
1392104630.0,1392104630.0,4
1392104630.0,1392104630.0,3
1392104631.0,1392104631.0,"4,3"
1392104631.0,1392104631.0,4
1392104631.0,1392104631.0,3
1392104632.0,1392104632.0,"4,3"
1392104632.0,1392104632.0,4
1392104632.0,1392104632.0,3
1392104633.0,1392104633.0,"4,3"
1392104633.0,1392104633.0,4
1392104633.0,1392104633.0,3
1392104634.0,1392104634.0,"4,3"
1392104634.0,1392104634.0,4
1392104634.0,1392104634.0,3
1392104635.0,1392104635.0,"4,3"
1392104635.0,1392104635.0,4
1392104635.0,1392104635.0,3
1392104636.0,1392104636.0,"4,3"
1392104636.0,1392104636.0,4
1392104636.0,1392104636.0,3
1392104637.0,1392104637.0,"4,3"
1392104637.0,1392104637.0,4
1392104637.0,1392104637.0,3
1392104638.0,1392104638.0,"4,3"
1392104638.0,1392104638.0,4
1392104638.0,1392104638.0,3
1392104639.0,1392104639.0,"4,3"
1392104639.0,1392104639.0,4
1392104639.0,1392104639.0,3
1392104640.0,1392104640.0,"4,3"
1392104640.0,1392104640.0,4
1392104640.0,1392104640.0,3
1392104641.0,1392104641.0,"4,3"
1392104641.0,1392104641.0,4
1392104641.0,1392104641.0,3
1392104642.0,1392104642.0,"4,3"
1392104642.0,1392104642.0,4
1392104642.0,1392104642.0,3
1392104643.0,1392104643.0,"4,3"
1392104643.0,1392104643.0,4
1392104643.0,1392104643.0,3
1392104644.0,1392104644.0,"4,3"
1392104644.0,1392104644.0,4
1392104644.0,1392104644.0,3
1392104645.0,1392104645.0,"4,3"
1392104645.0,1392104645.0,4
1392104645.0,1392104645.0,3
1392104646.0,1392104646.0,"4,3"
1392104646.0,1392104646.0,4
1392104646.0,1392104646.0,3
1392104647.0,1392104647.0,"4,3"
1392104647.0,1392104647.0,4
1392104647.0,1392104647.0,3
1392104648.0,1392104648.0,"4,3"
1392104648.0,1392104648.0,4
1392104648.0,1392104648.0,3
1392104649.0,1392104649.0,"4,3"
1392104649.0,1392104649.0,4
1392104649.0,1392104649.0,3
1392104650.0,1392104650.0,"4,3"
1392104650.0,1392104650.0,4
1392104650.0,1392104650.0,3
1392104651.0,1392104651.0,"4,3"
1392104651.0,1392104651.0,4
1392104651.0,1392104651.0,3
1392104652.0,1392104652.0,"4,3"
1392104652.0,1392104652.0,4
1392104652.0,1392104652.0,3
1392104653.0,1392104653.0,"4,3"
1392104653.0,1392104653.0,4
1392104653.0,1392104653.0,3
1392104654.0,1392104654.0,"4,3"
1392104654.0,1392104654.0,4
1392104654.0,1392104654.0,3
1392104655.0,1392104655.0,"4,3"
1392104655.0,1392104655.0,4
1392104655.0,1392104655.0,3
1392104656.0,1392104656.0,"4,3"
1392104656.0,1392104656.0,4
1392104656.0,1392104656.0,3
1392104657.0,1392104657.0,"4,3"
1392104657.0,1392104657.0,4
1392104657.0,1392104657.0,3
1392104658.0,1392104658.0,"4,3"
1392104658.0,1392104658.0,4
1392104658.0,1392104658.0,3
1392104659.0,1392104659.0,"4,3"
1392104659.0,1392104659.0,4
1392104659.0,1392104659.0,3
1392104660.0,1392104660.0,"4,3"
1392104660.0,1392104660.0,4
1392104660.0,1392104660.0,3
1392104661.0,1392104661.0,"4,3"
1392104661.0,1392104661.0,4
1392104661.0,1392104661.0,3
1392104662.0,1392104662.0,"4,3"
1392104662.0,1392104662.0,4
1392104662.0,1392104662.0,3
1392104663.0,1392104663.0,"4,3"
1392104663.0,1392104663.0,4
1392104663.0,1392104663.0,3
1392104664.0,1392104664.0,"4,3"
1392104664.0,1392104664.0,4
1392104664.0,1392104664.0,3
1392104665.0,1392104665.0,"4,3"
1392104665.0,1392104665.0,4
1392104665.0,1392104665.0,3
1392104666.0,1392104666.0,"4,3"
1392104666.0,1392104666.0,4
1392104666.0,1392104666.0,3
1392104667.0,1392104667.0,"4,3"
1392104667.0,1392104667.0,4
1392104667.0,1392104667.0,3
1392104668.0,1392104668.0,"4,3"
1392104668.0,1392104668.0,4
1392104668.0,1392104668.0,3
1392104669.0,1392104669.0,"4,3"
1392104669.0,1392104669.0,4
1392104669.0,1392104669.0,3
1392104670.0,1392104670.0,"4,3"
1392104670.0,1392104670.0,4
1392104670.0,1392104670.0,3
1392104671.0,1392104671.0,"4,3"
1392104671.0,1392104671.0,4
1392104671.0,1392104671.0,3
1392104672.0,1392104672.0,"4,3"
1392104672.0,1392104672.0,4
1392104672.0,1392104672.0,3
1392104673.0,1392104673.0,"4,3"
1392104673.0,1392104673.0,4
1392104673.0,1392104673.0,3
1392104674.0,1392104674.0,"4,3"
1392104674.0,1392104674.0,4
1392104674.0,1392104674.0,3
1392104675.0,1392104675.0,"4,3"
1392104675.0,1392104675.0,4
1392104675.0,1392104675.0,3
1392104676.0,1392104676.0,"4,3"
1392104676.0,1392104676.0,4
1392104676.0,1392104676.0,3
1392104677.0,1392104677.0,"4,3"
1392104677.0,1392104677.0,4
1392104677.0,1392104677.0,3
1392104678.0,1392104678.0,"4,3"
1392104678.0,1392104678.0,4
1392104678.0,1392104678.0,3
1392104679.0,1392104679.0,"4,3"
1392104679.0,1392104679.0,4
1392104679.0,1392104679.0,3
1392104680.0,1392104680.0,"4,3"
1392104680.0,1392104680.0,4
1392104680.0,1392104680.0,3
1392104681.0,1392104681.0,"4,3"
1392104681.0,1392104681.0,4
1392104681.0,1392104681.0,3
1392104682.0,1392104682.0,"4,3"
1392104682.0,1392104682.0,4
1392104682.0,1392104682.0,3
1392104683.0,1392104683.0,"4,3"
1392104683.0,1392104683.0,4
1392104683.0,1392104683.0,3
1392104684.0,1392104684.0,"4,3"
1392104684.0,1392104684.0,4
1392104684.0,1392104684.0,3
1392104685.0,1392104685.0,"4,3"
1392104685.0,1392104685.0,4
1392104685.0,1392104685.0,3
1392104686.0,1392104686.0,"4,3"
1392104686.0,1392104686.0,4
1392104686.0,1392104686.0,3
1392104687.0,1392104687.0,"4,3"
1392104687.0,1392104687.0,4
1392104687.0,1392104687.0,3
1392104688.0,1392104688.0,"4,3"
1392104688.0,1392104688.0,4
1392104688.0,1392104688.0,3
1392104689.0,1392104689.0,"4,3"
1392104689.0,1392104689.0,4
1392104689.0,1392104689.0,3
1392104690.0,1392104690.0,"4,3"
1392104690.0,1392104690.0,4
1392104690.0,1392104690.0,3
1392104691.0,1392104691.0,"4,3"
1392104691.0,1392104691.0,4
1392104691.0,1392104691.0,3
1392104692.0,1392104692.0,"4,3"
1392104692.0,1392104692.0,4
1392104692.0,1392104692.0,3
1392104693.0,1392104693.0,"4,3"
1392104693.0,1392104693.0,4
1392104693.0,1392104693.0,3
1392104694.0,1392104694.0,"4,3"
1392104694.0,1392104694.0,4
1392104694.0,1392104694.0,3
1392104695.0,1392104695.0,"4,3"
1392104695.0,1392104695.0,4
1392104695.0,1392104695.0,3
1392104696.0,1392104696.0,"4,3"
1392104696.0,1392104696.0,4
1392104696.0,1392104696.0,3
1392104697.0,1392104697.0,"4,3"
1392104697.0,1392104697.0,4
1392104697.0,1392104697.0,3
1392104698.0,1392104698.0,"4,3"
1392104698.0,1392104698.0,4
1392104698.0,1392104698.0,3
1392104699.0,1392104699.0,"4,3"
1392104699.0,1392104699.0,4
1392104699.0,1392104699.0,3
1392104700.0,1392104700.0,"4,3"
1392104700.0,1392104700.0,4
1392104700.0,1392104700.0,3
1392104701.0,1392104701.0,"4,3"
1392104701.0,1392104701.0,4
1392104701.0,1392104701.0,3
1392104702.0,1392104702.0,"4,3"
1392104702.0,1392104702.0,4
1392104702.0,1392104702.0,3
1392104703.0,1392104703.0,"4,3"
1392104703.0,1392104703.0,4
1392104703.0,1392104703.0,3
1392104704.0,1392104704.0,"4,3"
1392104704.0,1392104704.0,4
1392104704.0,1392104704.0,3
1392104705.0,1392104705.0,"4,3"
1392104705.0,1392104705.0,4
1392104705.0,1392104705.0,3
1392104706.0,1392104706.0,"4,3"
1392104706.0,1392104706.0,4
1392104706.0,1392104706.0,3
1392104707.0,1392104707.0,"4,3"
1392104707.0,1392104707.0,4
1392104707.0,1392104707.0,3
1392104708.0,1392104708.0,"4,3"
1392104708.0,1392104708.0,4
1392104708.0,1392104708.0,3
1392104709.0,1392104709.0,"4,3"
1392104709.0,1392104709.0,4
1392104709.0,1392104709.0,3
1392104710.0,1392104710.0,"4,3"
1392104710.0,1392104710.0,4
1392104710.0,1392104710.0,3
1392104711.0,1392104711.0,"4,3"
1392104711.0,1392104711.0,4
1392104711.0,1392104711.0,3
1392104712.0,1392104712.0,"4,3"
1392104712.0,1392104712.0,4
1392104712.0,1392104712.0,3
1392104713.0,1392104713.0,"4,3"
1392104713.0,1392104713.0,4
1392104713.0,1392104713.0,3
1392104714.0,1392104714.0,"4,3"
1392104714.0,1392104714.0,4
1392104714.0,1392104714.0,3
1392104715.0,1392104715.0,"4,3"
1392104715.0,1392104715.0,4
1392104715.0,1392104715.0,3
1392104716.0,1392104716.0,"4,3"
1392104716.0,1392104716.0,4
1392104716.0,1392104716.0,3
1392104717.0,1392104717.0,"4,3"
1392104717.0,1392104717.0,4
1392104717.0,1392104717.0,3
1392104718.0,1392104718.0,"4,3"
1392104718.0,1392104718.0,4
1392104718.0,1392104718.0,3
1392104719.0,1392104719.0,"4,3"
1392104719.0,1392104719.0,4
1392104719.0,1392104719.0,3
1392104720.0,1392104720.0,"4,3"
1392104720.0,1392104720.0,4
1392104720.0,1392104720.0,3
1392104721.0,1392104721.0,"4,3"
1392104721.0,1392104721.0,4
1392104721.0,1392104721.0,3
1392104722.0,1392104722.0,"4,3"
1392104722.0,1392104722.0,4
1392104722.0,1392104722.0,3
1392104723.0,1392104723.0,"4,3"
1392104723.0,1392104723.0,4
1392104723.0,1392104723.0,3
1392104724.0,1392104724.0,"4,3"
1392104724.0,1392104724.0,4
1392104724.0,1392104724.0,3
1392104725.0,1392104725.0,"4,3"
1392104725.0,1392104725.0,4
1392104725.0,1392104725.0,3
1392104726.0,1392104726.0,"4,3"
1392104726.0,1392104726.0,4
1392104726.0,1392104726.0,3
1392104727.0,1392104727.0,"4,3"
1392104727.0,1392104727.0,4
1392104727.0,1392104727.0,3
1392104728.0,1392104728.0,"4,3"
1392104728.0,1392104728.0,4
1392104728.0,1392104728.0,3
1392104729.0,1392104729.0,"4,3"
1392104729.0,1392104729.0,4
1392104729.0,1392104729.0,3
1392104730.0,1392104730.0,"4,3"
1392104730.0,1392104730.0,4
1392104730.0,1392104730.0,3
1392104731.0,1392104731.0,"4,3"
1392104731.0,1392104731.0,4
1392104731.0,1392104731.0,3
1392104732.0,1392104732.0,"4,3"
1392104732.0,1392104732.0,4
1392104732.0,1392104732.0,3
1392104733.0,1392104733.0,"4,3"
1392104733.0,1392104733.0,4
1392104733.0,1392104733.0,3
1392104734.0,1392104734.0,"4,3"
1392104734.0,1392104734.0,4
1392104734.0,1392104734.0,3
1392104735.0,1392104735.0,"4,3"
1392104735.0,1392104735.0,4
1392104735.0,1392104735.0,3
1392104736.0,1392104736.0,"4,3"
1392104736.0,1392104736.0,4
1392104736.0,1392104736.0,3
1392104737.0,1392104737.0,"4,3"
1392104737.0,1392104737.0,4
1392104737.0,1392104737.0,3
1392104738.0,1392104738.0,"4,3"
1392104738.0,1392104738.0,4
1392104738.0,1392104738.0,3
1392104739.0,1392104739.0,"4,3"
1392104739.0,1392104739.0,4
1392104739.0,1392104739.0,3
1392104740.0,1392104740.0,"4,3"
1392104740.0,1392104740.0,4
1392104740.0,1392104740.0,3
1392104741.0,1392104741.0,"4,3"
1392104741.0,1392104741.0,4
1392104741.0,1392104741.0,3
1392104742.0,1392104742.0,"4,3"
1392104742.0,1392104742.0,4
1392104742.0,1392104742.0,3
1392104743.0,1392104743.0,"4,3"
1392104743.0,1392104743.0,4
1392104743.0,1392104743.0,3
1392104744.0,1392104744.0,"4,3"
1392104744.0,1392104744.0,4
1392104744.0,1392104744.0,3
1392104745.0,1392104745.0,"4,3"
1392104745.0,1392104745.0,4
1392104745.0,1392104745.0,3
1392104746.0,1392104746.0,"4,3"
1392104746.0,1392104746.0,4
1392104746.0,1392104746.0,3
1392104747.0,1392104747.0,"4,3"
1392104747.0,1392104747.0,4
1392104747.0,1392104747.0,3
1392104748.0,1392104748.0,"4,3"
1392104748.0,1392104748.0,4
1392104748.0,1392104748.0,3
1392104749.0,1392104749.0,"4,3"
1392104749.0,1392104749.0,4
1392104749.0,1392104749.0,3
1392104750.0,1392104750.0,"4,3"
1392104750.0,1392104750.0,4
1392104750.0,1392104750.0,3
1392104751.0,1392104751.0,"4,3"
1392104751.0,1392104751.0,4
1392104751.0,1392104751.0,3
1392104752.0,1392104752.0,"4,3"
1392104752.0,1392104752.0,4
1392104752.0,1392104752.0,3
1392104753.0,1392104753.0,"4,3"
1392104753.0,1392104753.0,4
1392104753.0,1392104753.0,3
1392104754.0,1392104754.0,"4,3"
1392104754.0,1392104754.0,4
1392104754.0,1392104754.0,3
1392104755.0,1392104755.0,"4,3"
1392104755.0,1392104755.0,4
1392104755.0,1392104755.0,3
1392104756.0,1392104756.0,"4,3"
1392104756.0,1392104756.0,4
1392104756.0,1392104756.0,3
1392104757.0,1392104757.0,"4,3"
1392104757.0,1392104757.0,4
1392104757.0,1392104757.0,3
1392104758.0,1392104758.0,"4,3"
1392104758.0,1392104758.0,4
1392104758.0,1392104758.0,3
1392104759.0,1392104759.0,"4,3"
1392104759.0,1392104759.0,4
1392104759.0,1392104759.0,3
1392104760.0,1392104760.0,"4,3"
1392104760.0,1392104760.0,4
1392104760.0,1392104760.0,3
1392104761.0,1392104761.0,"4,3"
1392104761.0,1392104761.0,4
1392104761.0,1392104761.0,3
1392104762.0,1392104762.0,"4,3"
1392104762.0,1392104762.0,4
1392104762.0,1392104762.0,3
1392104763.0,1392104763.0,"4,3"
1392104763.0,1392104763.0,4
1392104763.0,1392104763.0,3
1392104764.0,1392104764.0,"4,3"
1392104764.0,1392104764.0,4
1392104764.0,1392104764.0,3
1392104765.0,1392104765.0,"4,3"
1392104765.0,1392104765.0,4
1392104765.0,1392104765.0,3
1392104766.0,1392104766.0,"4,3"
1392104766.0,1392104766.0,4
1392104766.0,1392104766.0,3
1392104767.0,1392104767.0,"4,3"
1392104767.0,1392104767.0,4
1392104767.0,1392104767.0,3
1392104768.0,1392104768.0,"4,3"
1392104768.0,1392104768.0,4
1392104768.0,1392104768.0,3
1392104769.0,1392104769.0,"4,3"
1392104769.0,1392104769.0,4
1392104769.0,1392104769.0,3
1392104770.0,1392104770.0,"4,3"
1392104770.0,1392104770.0,4
1392104770.0,1392104770.0,3
1392104771.0,1392104771.0,"4,3"
1392104771.0,1392104771.0,4
1392104771.0,1392104771.0,3
1392104772.0,1392104772.0,"4,3"
1392104772.0,1392104772.0,4
1392104772.0,1392104772.0,3
1392104773.0,1392104773.0,"4,3"
1392104773.0,1392104773.0,4
1392104773.0,1392104773.0,3
1392104774.0,1392104774.0,"4,3"
1392104774.0,1392104774.0,4
1392104774.0,1392104774.0,3
1392104775.0,1392104775.0,"4,3"
1392104775.0,1392104775.0,4
1392104775.0,1392104775.0,3
1392104776.0,1392104776.0,"4,3"
1392104776.0,1392104776.0,4
1392104776.0,1392104776.0,3
1392104777.0,1392104777.0,"4,3"
1392104777.0,1392104777.0,4
1392104777.0,1392104777.0,3
1392104778.0,1392104778.0,"4,3"
1392104778.0,1392104778.0,4
1392104778.0,1392104778.0,3
1392104779.0,1392104779.0,"4,3"
1392104779.0,1392104779.0,4
1392104779.0,1392104779.0,3
1392104780.0,1392104780.0,"4,3"
1392104780.0,1392104780.0,4
1392104780.0,1392104780.0,3
1392104781.0,1392104781.0,"4,3"
1392104781.0,1392104781.0,4
1392104781.0,1392104781.0,3
1392104782.0,1392104782.0,"4,3"
1392104782.0,1392104782.0,4
1392104782.0,1392104782.0,3
1392104783.0,1392104783.0,"4,3"
1392104783.0,1392104783.0,4
1392104783.0,1392104783.0,3
1392104784.0,1392104784.0,"4,3"
1392104784.0,1392104784.0,4
1392104784.0,1392104784.0,3
1392104785.0,1392104785.0,"4,3"
1392104785.0,1392104785.0,4
1392104785.0,1392104785.0,3
1392104786.0,1392104786.0,"4,3"
1392104786.0,1392104786.0,4
1392104786.0,1392104786.0,3
1392104787.0,1392104787.0,"4,3"
1392104787.0,1392104787.0,4
1392104787.0,1392104787.0,3
1392104788.0,1392104788.0,"4,3"
1392104788.0,1392104788.0,4
1392104788.0,1392104788.0,3
1392104789.0,1392104789.0,"4,3"
1392104789.0,1392104789.0,4
1392104789.0,1392104789.0,3
1392104790.0,1392104790.0,"4,3"
1392104790.0,1392104790.0,4
1392104790.0,1392104790.0,3
1392104791.0,1392104791.0,"4,3"
1392104791.0,1392104791.0,4
1392104791.0,1392104791.0,3
1392104792.0,1392104792.0,"4,3"
1392104792.0,1392104792.0,4
1392104792.0,1392104792.0,3
1392104793.0,1392104793.0,"4,3"
1392104793.0,1392104793.0,4
1392104793.0,1392104793.0,3
1392104794.0,1392104794.0,"4,3"
1392104794.0,1392104794.0,4
1392104794.0,1392104794.0,3
1392104795.0,1392104795.0,"4,3"
1392104795.0,1392104795.0,4
1392104795.0,1392104795.0,3
1392104796.0,1392104796.0,"4,3"
1392104796.0,1392104796.0,4
1392104796.0,1392104796.0,3
1392104797.0,1392104797.0,"4,3"
1392104797.0,1392104797.0,4
1392104797.0,1392104797.0,3
1392104798.0,1392104798.0,"4,3"
1392104798.0,1392104798.0,4
1392104798.0,1392104798.0,3
1392104799.0,1392104799.0,"4,3"
1392104799.0,1392104799.0,4
1392104799.0,1392104799.0,3
1392104800.0,1392104800.0,"4,3"
1392104800.0,1392104800.0,4
1392104800.0,1392104800.0,3
1392104801.0,1392104801.0,"4,3"
1392104801.0,1392104801.0,4
1392104801.0,1392104801.0,3
1392104802.0,1392104802.0,"4,3"
1392104802.0,1392104802.0,4
1392104802.0,1392104802.0,3
1392104803.0,1392104803.0,"4,3"
1392104803.0,1392104803.0,4
1392104803.0,1392104803.0,3
1392104804.0,1392104804.0,"4,3"
1392104804.0,1392104804.0,4
1392104804.0,1392104804.0,3
1392104805.0,1392104805.0,"4,3"
1392104805.0,1392104805.0,4
1392104805.0,1392104805.0,3
1392104806.0,1392104806.0,"4,3"
1392104806.0,1392104806.0,4
1392104806.0,1392104806.0,3
1392104807.0,1392104807.0,"4,3"
1392104807.0,1392104807.0,4
1392104807.0,1392104807.0,3
1392104808.0,1392104808.0,"4,3"
1392104808.0,1392104808.0,4
1392104808.0,1392104808.0,3
1392104809.0,1392104809.0,"4,3"
1392104809.0,1392104809.0,4
1392104809.0,1392104809.0,3
1392104810.0,1392104810.0,"4,3"
1392104810.0,1392104810.0,4
1392104810.0,1392104810.0,3
1392104811.0,1392104811.0,"4,3"
1392104811.0,1392104811.0,4
1392104811.0,1392104811.0,3
1392104812.0,1392104812.0,"4,3"
1392104812.0,1392104812.0,4
1392104812.0,1392104812.0,3
1392104813.0,1392104813.0,"4,3"
1392104813.0,1392104813.0,4
1392104813.0,1392104813.0,3
1392104814.0,1392104814.0,"4,3"
1392104814.0,1392104814.0,4
1392104814.0,1392104814.0,3
1392104815.0,1392104815.0,"4,3"
1392104815.0,1392104815.0,4
1392104815.0,1392104815.0,3
1392104816.0,1392104816.0,"4,3"
1392104816.0,1392104816.0,4
1392104816.0,1392104816.0,3
1392104817.0,1392104817.0,"4,3"
1392104817.0,1392104817.0,4
1392104817.0,1392104817.0,3
1392104818.0,1392104818.0,"4,3"
1392104818.0,1392104818.0,4
1392104818.0,1392104818.0,3
1392104819.0,1392104819.0,"4,3"
1392104819.0,1392104819.0,4
1392104819.0,1392104819.0,3
1392104820.0,1392104820.0,"4,3"
1392104820.0,1392104820.0,4
1392104820.0,1392104820.0,3
1392104821.0,1392104821.0,"4,3"
1392104821.0,1392104821.0,4
1392104821.0,1392104821.0,3
1392104822.0,1392104822.0,"4,3"
1392104822.0,1392104822.0,4
1392104822.0,1392104822.0,3
1392104823.0,1392104823.0,"4,3"
1392104823.0,1392104823.0,4
1392104823.0,1392104823.0,3
1392104824.0,1392104824.0,"4,3"
1392104824.0,1392104824.0,4
1392104824.0,1392104824.0,3
1392104825.0,1392104825.0,"4,3"
1392104825.0,1392104825.0,4
1392104825.0,1392104825.0,3
1392104826.0,1392104826.0,"4,3"
1392104826.0,1392104826.0,4
1392104826.0,1392104826.0,3
1392104827.0,1392104827.0,"4,3"
1392104827.0,1392104827.0,4
1392104827.0,1392104827.0,3
1392104828.0,1392104828.0,"4,3"
1392104828.0,1392104828.0,4
1392104828.0,1392104828.0,3
1392104829.0,1392104829.0,"4,3"
1392104829.0,1392104829.0,4
1392104829.0,1392104829.0,3
1392104830.0,1392104830.0,"4,3"
1392104830.0,1392104830.0,4
1392104830.0,1392104830.0,3
1392104831.0,1392104831.0,"4,3"
1392104831.0,1392104831.0,4
1392104831.0,1392104831.0,3
1392104832.0,1392104832.0,"4,3"
1392104832.0,1392104832.0,4
1392104832.0,1392104832.0,3
1392104833.0,1392104833.0,"4,3"
1392104833.0,1392104833.0,4
1392104833.0,1392104833.0,3
1392104834.0,1392104834.0,"4,3"
1392104834.0,1392104834.0,4
1392104834.0,1392104834.0,3
1392104835.0,1392104835.0,"4,3"
1392104835.0,1392104835.0,4
1392104835.0,1392104835.0,3
1392104836.0,1392104836.0,"4,3"
1392104836.0,1392104836.0,4
1392104836.0,1392104836.0,3
1392104837.0,1392104837.0,"4,3"
1392104837.0,1392104837.0,4
1392104837.0,1392104837.0,3
1392104838.0,1392104838.0,"4,3"
1392104838.0,1392104838.0,4
1392104838.0,1392104838.0,3
1392104839.0,1392104839.0,"4,3"
1392104839.0,1392104839.0,4
1392104839.0,1392104839.0,3
1392104840.0,1392104840.0,"4,3"
1392104840.0,1392104840.0,4
1392104840.0,1392104840.0,3
1392104841.0,1392104841.0,"4,3"
1392104841.0,1392104841.0,4
1392104841.0,1392104841.0,3
1392104842.0,1392104842.0,"4,3"
1392104842.0,1392104842.0,4
1392104842.0,1392104842.0,3
1392104843.0,1392104843.0,"4,3"
1392104843.0,1392104843.0,4
1392104843.0,1392104843.0,3
1392104844.0,1392104844.0,"4,3"
1392104844.0,1392104844.0,4
1392104844.0,1392104844.0,3
1392104845.0,1392104845.0,"4,3"
1392104845.0,1392104845.0,4
1392104845.0,1392104845.0,3
1392104846.0,1392104846.0,"4,3"
1392104846.0,1392104846.0,4
1392104846.0,1392104846.0,3
1392104847.0,1392104847.0,"4,3"
1392104847.0,1392104847.0,4
1392104847.0,1392104847.0,3
1392104848.0,1392104848.0,"4,3"
1392104848.0,1392104848.0,4
1392104848.0,1392104848.0,3
1392104849.0,1392104849.0,"4,3"
1392104849.0,1392104849.0,4
1392104849.0,1392104849.0,3
1392104850.0,1392104850.0,"4,3"
1392104850.0,1392104850.0,4
1392104850.0,1392104850.0,3
1392104851.0,1392104851.0,"4,3"
1392104851.0,1392104851.0,4
1392104851.0,1392104851.0,3
1392104852.0,1392104852.0,"4,3"
1392104852.0,1392104852.0,4
1392104852.0,1392104852.0,3
1392104853.0,1392104853.0,"4,3"
1392104853.0,1392104853.0,4
1392104853.0,1392104853.0,3
1392104854.0,1392104854.0,"4,3"
1392104854.0,1392104854.0,4
1392104854.0,1392104854.0,3
1392104855.0,1392104855.0,"4,3"
1392104855.0,1392104855.0,4
1392104855.0,1392104855.0,3
1392104856.0,1392104856.0,"4,3"
1392104856.0,1392104856.0,4
1392104856.0,1392104856.0,3
1392104857.0,1392104857.0,"4,3"
1392104857.0,1392104857.0,4
1392104857.0,1392104857.0,3
1392104858.0,1392104858.0,"4,3"
1392104858.0,1392104858.0,4
1392104858.0,1392104858.0,3
1392104859.0,1392104859.0,"4,3"
1392104859.0,1392104859.0,4
1392104859.0,1392104859.0,3
1392104860.0,1392104860.0,"4,3"
1392104860.0,1392104860.0,4
1392104860.0,1392104860.0,3
1392104861.0,1392104861.0,"4,3"
1392104861.0,1392104861.0,4
1392104861.0,1392104861.0,3
1392104862.0,1392104862.0,"4,3"
1392104862.0,1392104862.0,4
1392104862.0,1392104862.0,3
1392104863.0,1392104863.0,"4,3"
1392104863.0,1392104863.0,4
1392104863.0,1392104863.0,3
1392104864.0,1392104864.0,"4,3"
1392104864.0,1392104864.0,4
1392104864.0,1392104864.0,3
1392104865.0,1392104865.0,"4,3"
1392104865.0,1392104865.0,4
1392104865.0,1392104865.0,3
1392104866.0,1392104866.0,"4,3"
1392104866.0,1392104866.0,4
1392104866.0,1392104866.0,3
1392104867.0,1392104867.0,"4,3"
1392104867.0,1392104867.0,4
1392104867.0,1392104867.0,3
1392104868.0,1392104868.0,"4,3"
1392104868.0,1392104868.0,4
1392104868.0,1392104868.0,3
1392104869.0,1392104869.0,"4,3"
1392104869.0,1392104869.0,4
1392104869.0,1392104869.0,3
1392104870.0,1392104870.0,"4,3"
1392104870.0,1392104870.0,4
1392104870.0,1392104870.0,3
1392104871.0,1392104871.0,"4,3"
1392104871.0,1392104871.0,4
1392104871.0,1392104871.0,3
1392104872.0,1392104872.0,"4,3"
1392104872.0,1392104872.0,4
1392104872.0,1392104872.0,3
1392104873.0,1392104873.0,"4,3"
1392104873.0,1392104873.0,4
1392104873.0,1392104873.0,3
1392104874.0,1392104874.0,"4,3"
1392104874.0,1392104874.0,4
1392104874.0,1392104874.0,3
1392104875.0,1392104875.0,"4,3"
1392104875.0,1392104875.0,4
1392104875.0,1392104875.0,3
1392104876.0,1392104876.0,"4,3"
1392104876.0,1392104876.0,4
1392104876.0,1392104876.0,3
1392104877.0,1392104877.0,"4,3"
1392104877.0,1392104877.0,4
1392104877.0,1392104877.0,3
1392104878.0,1392104878.0,"4,3"
1392104878.0,1392104878.0,4
1392104878.0,1392104878.0,3
1392104879.0,1392104879.0,"4,3"
1392104879.0,1392104879.0,4
1392104879.0,1392104879.0,3
1392104880.0,1392104880.0,"4,3"
1392104880.0,1392104880.0,4
1392104880.0,1392104880.0,3
1392104881.0,1392104881.0,"4,3"
1392104881.0,1392104881.0,4
1392104881.0,1392104881.0,3
1392104882.0,1392104882.0,"4,3"
1392104882.0,1392104882.0,4
1392104882.0,1392104882.0,3
1392104883.0,1392104883.0,"4,3"
1392104883.0,1392104883.0,4
1392104883.0,1392104883.0,3
1392104884.0,1392104884.0,"4,3"
1392104884.0,1392104884.0,4
1392104884.0,1392104884.0,3
1392104885.0,1392104885.0,"4,3"
1392104885.0,1392104885.0,4
1392104885.0,1392104885.0,3
1392104886.0,1392104886.0,"4,3"
1392104886.0,1392104886.0,4
1392104886.0,1392104886.0,3
1392104887.0,1392104887.0,"4,3"
1392104887.0,1392104887.0,4
1392104887.0,1392104887.0,3
1392104888.0,1392104888.0,"4,3"
1392104888.0,1392104888.0,4
1392104888.0,1392104888.0,3
1392104889.0,1392104889.0,"4,3"
1392104889.0,1392104889.0,4
1392104889.0,1392104889.0,3
1392104890.0,1392104890.0,"4,3"
1392104890.0,1392104890.0,4
1392104890.0,1392104890.0,3
1392104891.0,1392104891.0,"4,3"
1392104891.0,1392104891.0,4
1392104891.0,1392104891.0,3
1392104892.0,1392104892.0,"4,3"
1392104892.0,1392104892.0,4
1392104892.0,1392104892.0,3
1392104893.0,1392104893.0,"4,3"
1392104893.0,1392104893.0,4
1392104893.0,1392104893.0,3
1392104894.0,1392104894.0,"4,3"
1392104894.0,1392104894.0,4
1392104894.0,1392104894.0,3
1392104895.0,1392104895.0,"4,3"
1392104895.0,1392104895.0,4
1392104895.0,1392104895.0,3
1392104896.0,1392104896.0,"4,3"
1392104896.0,1392104896.0,4
1392104896.0,1392104896.0,3
1392104897.0,1392104897.0,"4,3"
1392104897.0,1392104897.0,4
1392104897.0,1392104897.0,3
1392104898.0,1392104898.0,"4,3"
1392104898.0,1392104898.0,4
1392104898.0,1392104898.0,3
1392104899.0,1392104899.0,"4,3"
1392104899.0,1392104899.0,4
1392104899.0,1392104899.0,3
1392104900.0,1392104900.0,"4,3"
1392104900.0,1392104900.0,4
1392104900.0,1392104900.0,3
1392104901.0,1392104901.0,"4,3"
1392104901.0,1392104901.0,4
1392104901.0,1392104901.0,3
1392104902.0,1392104902.0,"4,3"
1392104902.0,1392104902.0,4
1392104902.0,1392104902.0,3
1392104903.0,1392104903.0,"4,3"
1392104903.0,1392104903.0,4
1392104903.0,1392104903.0,3
1392104904.0,1392104904.0,"4,3"
1392104904.0,1392104904.0,4
1392104904.0,1392104904.0,3
1392104905.0,1392104905.0,"4,3"
1392104905.0,1392104905.0,4
1392104905.0,1392104905.0,3
1392104906.0,1392104906.0,"4,3"
1392104906.0,1392104906.0,4
1392104906.0,1392104906.0,3
1392104907.0,1392104907.0,"4,3"
1392104907.0,1392104907.0,4
1392104907.0,1392104907.0,3
1392104908.0,1392104908.0,"4,3"
1392104908.0,1392104908.0,4
1392104908.0,1392104908.0,3
1392104909.0,1392104909.0,"4,3"
1392104909.0,1392104909.0,4
1392104909.0,1392104909.0,3
1392104910.0,1392104910.0,"4,3"
1392104910.0,1392104910.0,4
1392104910.0,1392104910.0,3
1392104911.0,1392104911.0,"4,3"
1392104911.0,1392104911.0,4
1392104911.0,1392104911.0,3
1392104912.0,1392104912.0,"4,3"
1392104912.0,1392104912.0,4
1392104912.0,1392104912.0,3
1392104913.0,1392104913.0,"4,3"
1392104913.0,1392104913.0,4
1392104913.0,1392104913.0,3
1392104914.0,1392104914.0,"4,3"
1392104914.0,1392104914.0,4
1392104914.0,1392104914.0,3
1392104915.0,1392104915.0,"4,3"
1392104915.0,1392104915.0,4
1392104915.0,1392104915.0,3
1392104916.0,1392104916.0,"4,3"
1392104916.0,1392104916.0,4
1392104916.0,1392104916.0,3
1392104917.0,1392104917.0,"4,3"
1392104917.0,1392104917.0,4
1392104917.0,1392104917.0,3
1392104918.0,1392104918.0,"4,3"
1392104918.0,1392104918.0,4
1392104918.0,1392104918.0,3
1392104919.0,1392104919.0,"4,3"
1392104919.0,1392104919.0,4
1392104919.0,1392104919.0,3
1392104920.0,1392104920.0,"4,3"
1392104920.0,1392104920.0,4
1392104920.0,1392104920.0,3
1392104921.0,1392104921.0,"4,3"
1392104921.0,1392104921.0,4
1392104921.0,1392104921.0,3
1392104922.0,1392104922.0,"4,3"
1392104922.0,1392104922.0,4
1392104922.0,1392104922.0,3
1392104923.0,1392104923.0,"4,3"
1392104923.0,1392104923.0,4
1392104923.0,1392104923.0,3
1392104924.0,1392104924.0,"4,3"
1392104924.0,1392104924.0,4
1392104924.0,1392104924.0,3
1392104925.0,1392104925.0,"4,3"
1392104925.0,1392104925.0,4
1392104925.0,1392104925.0,3
1392104926.0,1392104926.0,"4,3"
1392104926.0,1392104926.0,4
1392104926.0,1392104926.0,3
1392104927.0,1392104927.0,"4,3"
1392104927.0,1392104927.0,4
1392104927.0,1392104927.0,3
1392104928.0,1392104928.0,"4,3"
1392104928.0,1392104928.0,4
1392104928.0,1392104928.0,3
1392104929.0,1392104929.0,"4,3"
1392104929.0,1392104929.0,4
1392104929.0,1392104929.0,3
1392104930.0,1392104930.0,"4,3"
1392104930.0,1392104930.0,4
1392104930.0,1392104930.0,3
1392104931.0,1392104931.0,"4,3"
1392104931.0,1392104931.0,4
1392104931.0,1392104931.0,3
1392104932.0,1392104932.0,"4,3"
1392104932.0,1392104932.0,4
1392104932.0,1392104932.0,3
1392104933.0,1392104933.0,"4,3"
1392104933.0,1392104933.0,4
1392104933.0,1392104933.0,3
1392104934.0,1392104934.0,"4,3"
1392104934.0,1392104934.0,4
1392104934.0,1392104934.0,3
1392104935.0,1392104935.0,"4,3"
1392104935.0,1392104935.0,4
1392104935.0,1392104935.0,3
1392104936.0,1392104936.0,"4,3"
1392104936.0,1392104936.0,4
1392104936.0,1392104936.0,3
1392104937.0,1392104937.0,"4,3"
1392104937.0,1392104937.0,4
1392104937.0,1392104937.0,3
1392104938.0,1392104938.0,"4,3"
1392104938.0,1392104938.0,4
1392104938.0,1392104938.0,3
1392104939.0,1392104939.0,"4,3"
1392104939.0,1392104939.0,4
1392104939.0,1392104939.0,3
1392104940.0,1392104940.0,"4,3"
1392104940.0,1392104940.0,4
1392104940.0,1392104940.0,3
1392104941.0,1392104941.0,"4,3"
1392104941.0,1392104941.0,4
1392104941.0,1392104941.0,3
1392104942.0,1392104942.0,"4,3"
1392104942.0,1392104942.0,4
1392104942.0,1392104942.0,3
1392104943.0,1392104943.0,"4,3"
1392104943.0,1392104943.0,4
1392104943.0,1392104943.0,3
1392104944.0,1392104944.0,"4,3"
1392104944.0,1392104944.0,4
1392104944.0,1392104944.0,3
1392104945.0,1392104945.0,"4,3"
1392104945.0,1392104945.0,4
1392104945.0,1392104945.0,3
1392104946.0,1392104946.0,"4,3"
1392104946.0,1392104946.0,4
1392104946.0,1392104946.0,3
1392104947.0,1392104947.0,"4,3"
1392104947.0,1392104947.0,4
1392104947.0,1392104947.0,3
1392104948.0,1392104948.0,"4,3"
1392104948.0,1392104948.0,4
1392104948.0,1392104948.0,3
1392104949.0,1392104949.0,"4,3"
1392104949.0,1392104949.0,4
1392104949.0,1392104949.0,3
1392104950.0,1392104950.0,"4,3"
1392104950.0,1392104950.0,4
1392104950.0,1392104950.0,3
1392104951.0,1392104951.0,"4,3"
1392104951.0,1392104951.0,4
1392104951.0,1392104951.0,3
1392104952.0,1392104952.0,"4,3"
1392104952.0,1392104952.0,4
1392104952.0,1392104952.0,3
1392104953.0,1392104953.0,"4,3"
1392104953.0,1392104953.0,4
1392104953.0,1392104953.0,3
1392104954.0,1392104954.0,"4,3"
1392104954.0,1392104954.0,4
1392104954.0,1392104954.0,3
1392104955.0,1392104955.0,"4,3"
1392104955.0,1392104955.0,4
1392104955.0,1392104955.0,3
1392104956.0,1392104956.0,"4,3"
1392104956.0,1392104956.0,4
1392104956.0,1392104956.0,3
1392104957.0,1392104957.0,"4,3"
1392104957.0,1392104957.0,4
1392104957.0,1392104957.0,3
1392104958.0,1392104958.0,"4,3"
1392104958.0,1392104958.0,4
1392104958.0,1392104958.0,3
1392104959.0,1392104959.0,"4,3"
1392104959.0,1392104959.0,4
1392104959.0,1392104959.0,3
1392104960.0,1392104960.0,"4,3"
1392104960.0,1392104960.0,4
1392104960.0,1392104960.0,3
1392104961.0,1392104961.0,"4,3"
1392104961.0,1392104961.0,4
1392104961.0,1392104961.0,3
1392104962.0,1392104962.0,"4,3"
1392104962.0,1392104962.0,4
1392104962.0,1392104962.0,3
1392104963.0,1392104963.0,"4,3"
1392104963.0,1392104963.0,4
1392104963.0,1392104963.0,3
1392104964.0,1392104964.0,"4,3"
1392104964.0,1392104964.0,4
1392104964.0,1392104964.0,3
1392104965.0,1392104965.0,"4,3"
1392104965.0,1392104965.0,4
1392104965.0,1392104965.0,3
1392104966.0,1392104966.0,"4,3"
1392104966.0,1392104966.0,4
1392104966.0,1392104966.0,3
1392104967.0,1392104967.0,"4,3"
1392104967.0,1392104967.0,4
1392104967.0,1392104967.0,3
1392104968.0,1392104968.0,"4,3"
1392104968.0,1392104968.0,4
1392104968.0,1392104968.0,3
1392104969.0,1392104969.0,"4,3"
1392104969.0,1392104969.0,4
1392104969.0,1392104969.0,3
1392104970.0,1392104970.0,"4,3"
1392104970.0,1392104970.0,4
1392104970.0,1392104970.0,3
1392104971.0,1392104971.0,"4,3"
1392104971.0,1392104971.0,4
1392104971.0,1392104971.0,3
1392104972.0,1392104972.0,"4,3"
1392104972.0,1392104972.0,4
1392104972.0,1392104972.0,3
1392104973.0,1392104973.0,"4,3"
1392104973.0,1392104973.0,4
1392104973.0,1392104973.0,3
1392104974.0,1392104974.0,"4,3"
1392104974.0,1392104974.0,4
1392104974.0,1392104974.0,3
1392104975.0,1392104975.0,"4,3"
1392104975.0,1392104975.0,4
1392104975.0,1392104975.0,3
1392104976.0,1392104976.0,"4,3"
1392104976.0,1392104976.0,4
1392104976.0,1392104976.0,3
1392104977.0,1392104977.0,"4,3"
1392104977.0,1392104977.0,4
1392104977.0,1392104977.0,3
1392104978.0,1392104978.0,"4,3"
1392104978.0,1392104978.0,4
1392104978.0,1392104978.0,3
1392104979.0,1392104979.0,"4,3"
1392104979.0,1392104979.0,4
1392104979.0,1392104979.0,3
1392104980.0,1392104980.0,"4,3"
1392104980.0,1392104980.0,4
1392104980.0,1392104980.0,3
1392104981.0,1392104981.0,"4,3"
1392104981.0,1392104981.0,4
1392104981.0,1392104981.0,3
1392104982.0,1392104982.0,"4,3"
1392104982.0,1392104982.0,4
1392104982.0,1392104982.0,3
1392104983.0,1392104983.0,"4,3"
1392104983.0,1392104983.0,4
1392104983.0,1392104983.0,3
1392104984.0,1392104984.0,"4,3"
1392104984.0,1392104984.0,4
1392104984.0,1392104984.0,3
1392104985.0,1392104985.0,"4,3"
1392104985.0,1392104985.0,4
1392104985.0,1392104985.0,3
1392104986.0,1392104986.0,"4,3"
1392104986.0,1392104986.0,4
1392104986.0,1392104986.0,3
1392104987.0,1392104987.0,"4,3"
1392104987.0,1392104987.0,4
1392104987.0,1392104987.0,3
1392104988.0,1392104988.0,"4,3"
1392104988.0,1392104988.0,4
1392104988.0,1392104988.0,3
1392104989.0,1392104989.0,"4,3"
1392104989.0,1392104989.0,4
1392104989.0,1392104989.0,3
1392104990.0,1392104990.0,"4,3"
1392104990.0,1392104990.0,4
1392104990.0,1392104990.0,3
1392104991.0,1392104991.0,"4,3"
1392104991.0,1392104991.0,4
1392104991.0,1392104991.0,3
1392104992.0,1392104992.0,"4,3"
1392104992.0,1392104992.0,4
1392104992.0,1392104992.0,3
1392104993.0,1392104993.0,"4,3"
1392104993.0,1392104993.0,4
1392104993.0,1392104993.0,3
1392104994.0,1392104994.0,"4,3"
1392104994.0,1392104994.0,4
1392104994.0,1392104994.0,3
1392104995.0,1392104995.0,"4,3"
1392104995.0,1392104995.0,4
1392104995.0,1392104995.0,3
1392104996.0,1392104996.0,"4,3"
1392104996.0,1392104996.0,4
1392104996.0,1392104996.0,3
1392104997.0,1392104997.0,"4,3"
1392104997.0,1392104997.0,4
1392104997.0,1392104997.0,3
1392104998.0,1392104998.0,"4,3"
1392104998.0,1392104998.0,4
1392104998.0,1392104998.0,3
1392104999.0,1392104999.0,"4,3"
1392104999.0,1392104999.0,4
1392104999.0,1392104999.0,3
1392105000.0,1392105000.0,"4,3"
1392105000.0,1392105000.0,4
1392105000.0,1392105000.0,3
1392105001.0,1392105001.0,"4,3"
1392105001.0,1392105001.0,4
1392105001.0,1392105001.0,3
1392105002.0,1392105002.0,"4,3"
1392105002.0,1392105002.0,4
1392105002.0,1392105002.0,3
1392105003.0,1392105003.0,"4,3"
1392105003.0,1392105003.0,4
1392105003.0,1392105003.0,3
1392105004.0,1392105004.0,"4,3"
1392105004.0,1392105004.0,4
1392105004.0,1392105004.0,3
1392105005.0,1392105005.0,"4,3"
1392105005.0,1392105005.0,4
1392105005.0,1392105005.0,3
1392105006.0,1392105006.0,"4,3"
1392105006.0,1392105006.0,4
1392105006.0,1392105006.0,3
1392105007.0,1392105007.0,"4,3"
1392105007.0,1392105007.0,4
1392105007.0,1392105007.0,3
1392105008.0,1392105008.0,"4,3"
1392105008.0,1392105008.0,4
1392105008.0,1392105008.0,3
1392105009.0,1392105009.0,"4,3"
1392105009.0,1392105009.0,4
1392105009.0,1392105009.0,3
1392105010.0,1392105010.0,"4,3"
1392105010.0,1392105010.0,4
1392105010.0,1392105010.0,3
1392105011.0,1392105011.0,"4,3"
1392105011.0,1392105011.0,4
1392105011.0,1392105011.0,3
1392105012.0,1392105012.0,"4,3"
1392105012.0,1392105012.0,4
1392105012.0,1392105012.0,3
1392105013.0,1392105013.0,"4,3"
1392105013.0,1392105013.0,4
1392105013.0,1392105013.0,3
1392105014.0,1392105014.0,"4,3"
1392105014.0,1392105014.0,4
1392105014.0,1392105014.0,3
1392105015.0,1392105015.0,"4,3"
1392105015.0,1392105015.0,4
1392105015.0,1392105015.0,3
1392105016.0,1392105016.0,"4,3"
1392105016.0,1392105016.0,4
1392105016.0,1392105016.0,3
1392105017.0,1392105017.0,"4,3"
1392105017.0,1392105017.0,4
1392105017.0,1392105017.0,3
1392105018.0,1392105018.0,"4,3"
1392105018.0,1392105018.0,4
1392105018.0,1392105018.0,3
1392105019.0,1392105019.0,"4,3"
1392105019.0,1392105019.0,4
1392105019.0,1392105019.0,3
1392105020.0,1392105020.0,"4,3"
1392105020.0,1392105020.0,4
1392105020.0,1392105020.0,3
1392105021.0,1392105021.0,"4,3"
1392105021.0,1392105021.0,4
1392105021.0,1392105021.0,3
1392105022.0,1392105022.0,"4,3"
1392105022.0,1392105022.0,4
1392105022.0,1392105022.0,3
1392105023.0,1392105023.0,"4,3"
1392105023.0,1392105023.0,4
1392105023.0,1392105023.0,3
1392105024.0,1392105024.0,"4,3"
1392105024.0,1392105024.0,4
1392105024.0,1392105024.0,3
1392105025.0,1392105025.0,"4,3"
1392105025.0,1392105025.0,4
1392105025.0,1392105025.0,3
1392105026.0,1392105026.0,"4,3"
1392105026.0,1392105026.0,4
1392105026.0,1392105026.0,3
1392105027.0,1392105027.0,"4,3"
1392105027.0,1392105027.0,4
1392105027.0,1392105027.0,3
1392105028.0,1392105028.0,"4,3"
1392105028.0,1392105028.0,4
1392105028.0,1392105028.0,3
1392105029.0,1392105029.0,"4,3"
1392105029.0,1392105029.0,4
1392105029.0,1392105029.0,3
1392105030.0,1392105030.0,"4,3"
1392105030.0,1392105030.0,4
1392105030.0,1392105030.0,3
1392105031.0,1392105031.0,"4,3"
1392105031.0,1392105031.0,4
1392105031.0,1392105031.0,3
1392105032.0,1392105032.0,"4,3"
1392105032.0,1392105032.0,4
1392105032.0,1392105032.0,3
1392105033.0,1392105033.0,"4,3"
1392105033.0,1392105033.0,4
1392105033.0,1392105033.0,3
1392105034.0,1392105034.0,"4,3"
1392105034.0,1392105034.0,4
1392105034.0,1392105034.0,3
1392105035.0,1392105035.0,"4,3"
1392105035.0,1392105035.0,4
1392105035.0,1392105035.0,3
1392105036.0,1392105036.0,"4,3"
1392105036.0,1392105036.0,4
1392105036.0,1392105036.0,3
1392105037.0,1392105037.0,"4,3"
1392105037.0,1392105037.0,4
1392105037.0,1392105037.0,3
1392105038.0,1392105038.0,"4,3"
1392105038.0,1392105038.0,4
1392105038.0,1392105038.0,3
1392105039.0,1392105039.0,"4,3"
1392105039.0,1392105039.0,4
1392105039.0,1392105039.0,3
1392105040.0,1392105040.0,"4,3"
1392105040.0,1392105040.0,4
1392105040.0,1392105040.0,3
1392105041.0,1392105041.0,"4,3"
1392105041.0,1392105041.0,4
1392105041.0,1392105041.0,3
1392105042.0,1392105042.0,"4,3"
1392105042.0,1392105042.0,4
1392105042.0,1392105042.0,3
1392105043.0,1392105043.0,"4,3"
1392105043.0,1392105043.0,4
1392105043.0,1392105043.0,3
1392105044.0,1392105044.0,"4,3"
1392105044.0,1392105044.0,4
1392105044.0,1392105044.0,3
1392105045.0,1392105045.0,"4,3"
1392105045.0,1392105045.0,4
1392105045.0,1392105045.0,3
1392105046.0,1392105046.0,"4,3"
1392105046.0,1392105046.0,4
1392105046.0,1392105046.0,3
1392105047.0,1392105047.0,"4,3"
1392105047.0,1392105047.0,4
1392105047.0,1392105047.0,3
1392105048.0,1392105048.0,"4,3"
1392105048.0,1392105048.0,4
1392105048.0,1392105048.0,3
1392105049.0,1392105049.0,"4,3"
1392105049.0,1392105049.0,4
1392105049.0,1392105049.0,3
1392105050.0,1392105050.0,"4,3"
1392105050.0,1392105050.0,4
1392105050.0,1392105050.0,3
1392105051.0,1392105051.0,"4,3"
1392105051.0,1392105051.0,4
1392105051.0,1392105051.0,3
1392105052.0,1392105052.0,"4,3"
1392105052.0,1392105052.0,4
1392105052.0,1392105052.0,3
1392105053.0,1392105053.0,"4,3"
1392105053.0,1392105053.0,4
1392105053.0,1392105053.0,3
1392105054.0,1392105054.0,"4,3"
1392105054.0,1392105054.0,4
1392105054.0,1392105054.0,3
1392105055.0,1392105055.0,"4,3"
1392105055.0,1392105055.0,4
1392105055.0,1392105055.0,3
1392105056.0,1392105056.0,"4,3"
1392105056.0,1392105056.0,4
1392105056.0,1392105056.0,3
1392105057.0,1392105057.0,"4,3"
1392105057.0,1392105057.0,4
1392105057.0,1392105057.0,3
1392105058.0,1392105058.0,"4,3"
1392105058.0,1392105058.0,4
1392105058.0,1392105058.0,3
1392105059.0,1392105059.0,"4,3"
1392105059.0,1392105059.0,4
1392105059.0,1392105059.0,3
1392105060.0,1392105060.0,"4,3"
1392105060.0,1392105060.0,4
1392105060.0,1392105060.0,3
1392105061.0,1392105061.0,"4,3"
1392105061.0,1392105061.0,4
1392105061.0,1392105061.0,3
1392105062.0,1392105062.0,"4,3"
1392105062.0,1392105062.0,4
1392105062.0,1392105062.0,3
1392105063.0,1392105063.0,"4,3"
1392105063.0,1392105063.0,4
1392105063.0,1392105063.0,3
1392105064.0,1392105064.0,"4,3"
1392105064.0,1392105064.0,4
1392105064.0,1392105064.0,3
1392105065.0,1392105065.0,"4,3"
1392105065.0,1392105065.0,4
1392105065.0,1392105065.0,3
1392105066.0,1392105066.0,"4,3"
1392105066.0,1392105066.0,4
1392105066.0,1392105066.0,3
1392105067.0,1392105067.0,"4,3"
1392105067.0,1392105067.0,4
1392105067.0,1392105067.0,3
1392105068.0,1392105068.0,"4,3"
1392105068.0,1392105068.0,4
1392105068.0,1392105068.0,3
1392105069.0,1392105069.0,"4,3"
1392105069.0,1392105069.0,4
1392105069.0,1392105069.0,3
1392105070.0,1392105070.0,"4,3"
1392105070.0,1392105070.0,4
1392105070.0,1392105070.0,3
1392105071.0,1392105071.0,"4,3"
1392105071.0,1392105071.0,4
1392105071.0,1392105071.0,3
1392105072.0,1392105072.0,"4,3"
1392105072.0,1392105072.0,4
1392105072.0,1392105072.0,3
1392105073.0,1392105073.0,"4,3"
1392105073.0,1392105073.0,4
1392105073.0,1392105073.0,3
1392105074.0,1392105074.0,"4,3"
1392105074.0,1392105074.0,4
1392105074.0,1392105074.0,3
1392105075.0,1392105075.0,"4,3"
1392105075.0,1392105075.0,4
1392105075.0,1392105075.0,3
1392105076.0,1392105076.0,"4,3"
1392105076.0,1392105076.0,4
1392105076.0,1392105076.0,3
1392105077.0,1392105077.0,"4,3"
1392105077.0,1392105077.0,4
1392105077.0,1392105077.0,3
1392105078.0,1392105078.0,"4,3"
1392105078.0,1392105078.0,4
1392105078.0,1392105078.0,3
1392105079.0,1392105079.0,"4,3"
1392105079.0,1392105079.0,4
1392105079.0,1392105079.0,3
1392105080.0,1392105080.0,"4,3"
1392105080.0,1392105080.0,4
1392105080.0,1392105080.0,3
1392105081.0,1392105081.0,"4,3"
1392105081.0,1392105081.0,4
1392105081.0,1392105081.0,3
1392105082.0,1392105082.0,"4,3"
1392105082.0,1392105082.0,4
1392105082.0,1392105082.0,3
1392105083.0,1392105083.0,"4,3"
1392105083.0,1392105083.0,4
1392105083.0,1392105083.0,3
1392105084.0,1392105084.0,"4,3"
1392105084.0,1392105084.0,4
1392105084.0,1392105084.0,3
1392105085.0,1392105085.0,"4,3"
1392105085.0,1392105085.0,4
1392105085.0,1392105085.0,3
1392105086.0,1392105086.0,"4,3"
1392105086.0,1392105086.0,4
1392105086.0,1392105086.0,3
1392105087.0,1392105087.0,"4,3"
1392105087.0,1392105087.0,4
1392105087.0,1392105087.0,3
1392105088.0,1392105088.0,"4,3"
1392105088.0,1392105088.0,4
1392105088.0,1392105088.0,3
1392105089.0,1392105089.0,"4,3"
1392105089.0,1392105089.0,4
1392105089.0,1392105089.0,3
1392105090.0,1392105090.0,"4,3"
1392105090.0,1392105090.0,4
1392105090.0,1392105090.0,3
1392105091.0,1392105091.0,"4,3"
1392105091.0,1392105091.0,4
1392105091.0,1392105091.0,3
1392105092.0,1392105092.0,"4,3"
1392105092.0,1392105092.0,4
1392105092.0,1392105092.0,3
1392105093.0,1392105093.0,"4,3"
1392105093.0,1392105093.0,4
1392105093.0,1392105093.0,3
1392105094.0,1392105094.0,"4,3"
1392105094.0,1392105094.0,4
1392105094.0,1392105094.0,3
1392105095.0,1392105095.0,"4,3"
1392105095.0,1392105095.0,4
1392105095.0,1392105095.0,3
1392105096.0,1392105096.0,"4,3"
1392105096.0,1392105096.0,4
1392105096.0,1392105096.0,3
1392105097.0,1392105097.0,"4,3"
1392105097.0,1392105097.0,4
1392105097.0,1392105097.0,3
1392105098.0,1392105098.0,"4,3"
1392105098.0,1392105098.0,4
1392105098.0,1392105098.0,3
1392105099.0,1392105099.0,"4,3"
1392105099.0,1392105099.0,4
1392105099.0,1392105099.0,3
1392105100.0,1392105100.0,"4,3"
1392105100.0,1392105100.0,4
1392105100.0,1392105100.0,3
1392105101.0,1392105101.0,"4,3"
1392105101.0,1392105101.0,4
1392105101.0,1392105101.0,3
1392105102.0,1392105102.0,"4,3"
1392105102.0,1392105102.0,4
1392105102.0,1392105102.0,3
1392105103.0,1392105103.0,"4,3"
1392105103.0,1392105103.0,4
1392105103.0,1392105103.0,3
1392105104.0,1392105104.0,"4,3"
1392105104.0,1392105104.0,4
1392105104.0,1392105104.0,3
1392105105.0,1392105105.0,"4,3"
1392105105.0,1392105105.0,4
1392105105.0,1392105105.0,3
1392105106.0,1392105106.0,"4,3"
1392105106.0,1392105106.0,4
1392105106.0,1392105106.0,3
1392105107.0,1392105107.0,"4,3"
1392105107.0,1392105107.0,4
1392105107.0,1392105107.0,3
1392105108.0,1392105108.0,"4,3"
1392105108.0,1392105108.0,4
1392105108.0,1392105108.0,3
1392105109.0,1392105109.0,"4,3"
1392105109.0,1392105109.0,4
1392105109.0,1392105109.0,3
1392105110.0,1392105110.0,"4,3"
1392105110.0,1392105110.0,4
1392105110.0,1392105110.0,3
1392105111.0,1392105111.0,"4,3"
1392105111.0,1392105111.0,4
1392105111.0,1392105111.0,3
1392105112.0,1392105112.0,"4,3"
1392105112.0,1392105112.0,4
1392105112.0,1392105112.0,3
1392105113.0,1392105113.0,"4,3"
1392105113.0,1392105113.0,4
1392105113.0,1392105113.0,3
1392105114.0,1392105114.0,"4,3"
1392105114.0,1392105114.0,4
1392105114.0,1392105114.0,3
1392105115.0,1392105115.0,"4,3"
1392105115.0,1392105115.0,4
1392105115.0,1392105115.0,3
1392105116.0,1392105116.0,"4,3"
1392105116.0,1392105116.0,4
1392105116.0,1392105116.0,3
1392105117.0,1392105117.0,"4,3"
1392105117.0,1392105117.0,4
1392105117.0,1392105117.0,3
1392105118.0,1392105118.0,"4,3"
1392105118.0,1392105118.0,4
1392105118.0,1392105118.0,3
1392105119.0,1392105119.0,"4,3"
1392105119.0,1392105119.0,4
1392105119.0,1392105119.0,3
1392105120.0,1392105120.0,"4,3"
1392105120.0,1392105120.0,4
1392105120.0,1392105120.0,3
1392105121.0,1392105121.0,"4,3"
1392105121.0,1392105121.0,4
1392105121.0,1392105121.0,3
1392105122.0,1392105122.0,"4,3"
1392105122.0,1392105122.0,4
1392105122.0,1392105122.0,3
1392105123.0,1392105123.0,"4,3"
1392105123.0,1392105123.0,4
1392105123.0,1392105123.0,3
1392105124.0,1392105124.0,"4,3"
1392105124.0,1392105124.0,4
1392105124.0,1392105124.0,3
1392105125.0,1392105125.0,"4,3"
1392105125.0,1392105125.0,4
1392105125.0,1392105125.0,3
1392105126.0,1392105126.0,"4,3"
1392105126.0,1392105126.0,4
1392105126.0,1392105126.0,3
1392105127.0,1392105127.0,"4,3"
1392105127.0,1392105127.0,4
1392105127.0,1392105127.0,3
1392105128.0,1392105128.0,"4,3"
1392105128.0,1392105128.0,4
1392105128.0,1392105128.0,3
1392105129.0,1392105129.0,"4,3"
1392105129.0,1392105129.0,4
1392105129.0,1392105129.0,3
1392105130.0,1392105130.0,"4,3"
1392105130.0,1392105130.0,4
1392105130.0,1392105130.0,3
1392105131.0,1392105131.0,"4,3"
1392105131.0,1392105131.0,4
1392105131.0,1392105131.0,3
1392105132.0,1392105132.0,"4,3"
1392105132.0,1392105132.0,4
1392105132.0,1392105132.0,3
1392105133.0,1392105133.0,"4,3"
1392105133.0,1392105133.0,4
1392105133.0,1392105133.0,3
1392105134.0,1392105134.0,"4,3"
1392105134.0,1392105134.0,4
1392105134.0,1392105134.0,3
1392105135.0,1392105135.0,"4,3"
1392105135.0,1392105135.0,4
1392105135.0,1392105135.0,3
1392105136.0,1392105136.0,"4,3"
1392105136.0,1392105136.0,4
1392105136.0,1392105136.0,3
1392105137.0,1392105137.0,"4,3"
1392105137.0,1392105137.0,4
1392105137.0,1392105137.0,3
1392105138.0,1392105138.0,"4,3"
1392105138.0,1392105138.0,4
1392105138.0,1392105138.0,3
1392105139.0,1392105139.0,"4,3"
1392105139.0,1392105139.0,4
1392105139.0,1392105139.0,3
1392105140.0,1392105140.0,"4,3"
1392105140.0,1392105140.0,4
1392105140.0,1392105140.0,3
1392105141.0,1392105141.0,"4,3"
1392105141.0,1392105141.0,4
1392105141.0,1392105141.0,3
1392105142.0,1392105142.0,"4,3"
1392105142.0,1392105142.0,4
1392105142.0,1392105142.0,3
1392105143.0,1392105143.0,"4,3"
1392105143.0,1392105143.0,4
1392105143.0,1392105143.0,3
1392105144.0,1392105144.0,"4,3"
1392105144.0,1392105144.0,4
1392105144.0,1392105144.0,3
1392105145.0,1392105145.0,"4,3"
1392105145.0,1392105145.0,4
1392105145.0,1392105145.0,3
1392105146.0,1392105146.0,"4,3"
1392105146.0,1392105146.0,4
1392105146.0,1392105146.0,3
1392105147.0,1392105147.0,"4,3"
1392105147.0,1392105147.0,4
1392105147.0,1392105147.0,3
1392105148.0,1392105148.0,"4,3"
1392105148.0,1392105148.0,4
1392105148.0,1392105148.0,3
1392105149.0,1392105149.0,"4,3"
1392105149.0,1392105149.0,4
1392105149.0,1392105149.0,3
1392105150.0,1392105150.0,"4,3"
1392105150.0,1392105150.0,4
1392105150.0,1392105150.0,3
1392105151.0,1392105151.0,"4,3"
1392105151.0,1392105151.0,4
1392105151.0,1392105151.0,3
1392105152.0,1392105152.0,"4,3"
1392105152.0,1392105152.0,4
1392105152.0,1392105152.0,3
1392105153.0,1392105153.0,"4,3"
1392105153.0,1392105153.0,4
1392105153.0,1392105153.0,3
1392105154.0,1392105154.0,"4,3"
1392105154.0,1392105154.0,4
1392105154.0,1392105154.0,3
1392105155.0,1392105155.0,"4,3"
1392105155.0,1392105155.0,4
1392105155.0,1392105155.0,3
1392105156.0,1392105156.0,"4,3"
1392105156.0,1392105156.0,4
1392105156.0,1392105156.0,3
1392105157.0,1392105157.0,"4,3"
1392105157.0,1392105157.0,4
1392105157.0,1392105157.0,3
1392105158.0,1392105158.0,"4,3"
1392105158.0,1392105158.0,4
1392105158.0,1392105158.0,3
1392105159.0,1392105159.0,"4,3"
1392105159.0,1392105159.0,4
1392105159.0,1392105159.0,3
1392105160.0,1392105160.0,"4,3"
1392105160.0,1392105160.0,4
1392105160.0,1392105160.0,3
1392105161.0,1392105161.0,"4,3"
1392105161.0,1392105161.0,4
1392105161.0,1392105161.0,3
1392105162.0,1392105162.0,"4,3"
1392105162.0,1392105162.0,4
1392105162.0,1392105162.0,3
1392105163.0,1392105163.0,"4,3"
1392105163.0,1392105163.0,4
1392105163.0,1392105163.0,3
1392105164.0,1392105164.0,"4,3"
1392105164.0,1392105164.0,4
1392105164.0,1392105164.0,3
1392105165.0,1392105165.0,"4,3"
1392105165.0,1392105165.0,4
1392105165.0,1392105165.0,3
1392105166.0,1392105166.0,"4,3"
1392105166.0,1392105166.0,4
1392105166.0,1392105166.0,3
1392105167.0,1392105167.0,"4,3"
1392105167.0,1392105167.0,4
1392105167.0,1392105167.0,3
1392105168.0,1392105168.0,"4,3"
1392105168.0,1392105168.0,4
1392105168.0,1392105168.0,3
1392105169.0,1392105169.0,"4,3"
1392105169.0,1392105169.0,4
1392105169.0,1392105169.0,3
1392105170.0,1392105170.0,"4,3"
1392105170.0,1392105170.0,4
1392105170.0,1392105170.0,3
1392105171.0,1392105171.0,"4,3"
1392105171.0,1392105171.0,4
1392105171.0,1392105171.0,3
1392105172.0,1392105172.0,"4,3"
1392105172.0,1392105172.0,4
1392105172.0,1392105172.0,3
1392105173.0,1392105173.0,"4,3"
1392105173.0,1392105173.0,4
1392105173.0,1392105173.0,3
1392105174.0,1392105174.0,"4,3"
1392105174.0,1392105174.0,4
1392105174.0,1392105174.0,3
1392105175.0,1392105175.0,"4,3"
1392105175.0,1392105175.0,4
1392105175.0,1392105175.0,3
1392105176.0,1392105176.0,"4,3"
1392105176.0,1392105176.0,4
1392105176.0,1392105176.0,3
1392105177.0,1392105177.0,"4,3"
1392105177.0,1392105177.0,4
1392105177.0,1392105177.0,3
1392105178.0,1392105178.0,"4,3"
1392105178.0,1392105178.0,4
1392105178.0,1392105178.0,3
1392105179.0,1392105179.0,"4,3"
1392105179.0,1392105179.0,4
1392105179.0,1392105179.0,3
1392105180.0,1392105180.0,"4,3"
1392105180.0,1392105180.0,4
1392105180.0,1392105180.0,3
1392105181.0,1392105181.0,"4,3"
1392105181.0,1392105181.0,4
1392105181.0,1392105181.0,3
1392105182.0,1392105182.0,"4,3"
1392105182.0,1392105182.0,4
1392105182.0,1392105182.0,3
1392105183.0,1392105183.0,"4,3"
1392105183.0,1392105183.0,4
1392105183.0,1392105183.0,3
1392105184.0,1392105184.0,"4,3"
1392105184.0,1392105184.0,4
1392105184.0,1392105184.0,3
1392105185.0,1392105185.0,"4,3"
1392105185.0,1392105185.0,4
1392105185.0,1392105185.0,3
1392105186.0,1392105186.0,"4,3"
1392105186.0,1392105186.0,4
1392105186.0,1392105186.0,3
1392105187.0,1392105187.0,"4,3"
1392105187.0,1392105187.0,4
1392105187.0,1392105187.0,3
1392105188.0,1392105188.0,"4,3"
1392105188.0,1392105188.0,4
1392105188.0,1392105188.0,3
1392105189.0,1392105189.0,"4,3"
1392105189.0,1392105189.0,4
1392105189.0,1392105189.0,3
1392105190.0,1392105190.0,"4,3"
1392105190.0,1392105190.0,4
1392105190.0,1392105190.0,3
1392105191.0,1392105191.0,"4,3"
1392105191.0,1392105191.0,4
1392105191.0,1392105191.0,3
1392105192.0,1392105192.0,"4,3"
1392105192.0,1392105192.0,4
1392105192.0,1392105192.0,3
1392105193.0,1392105193.0,"4,3"
1392105193.0,1392105193.0,4
1392105193.0,1392105193.0,3
1392105194.0,1392105194.0,"4,3"
1392105194.0,1392105194.0,4
1392105194.0,1392105194.0,3
1392105195.0,1392105195.0,"4,3"
1392105195.0,1392105195.0,4
1392105195.0,1392105195.0,3
1392105196.0,1392105196.0,"4,3"
1392105196.0,1392105196.0,4
1392105196.0,1392105196.0,3
1392105197.0,1392105197.0,"4,3"
1392105197.0,1392105197.0,4
1392105197.0,1392105197.0,3
1392105198.0,1392105198.0,"4,3"
1392105198.0,1392105198.0,4
1392105198.0,1392105198.0,3
1392105199.0,1392105199.0,"4,3"
1392105199.0,1392105199.0,4
1392105199.0,1392105199.0,3
1392105200.0,1392105200.0,"4,3"
1392105200.0,1392105200.0,4
1392105200.0,1392105200.0,3
1392105201.0,1392105201.0,"4,3"
1392105201.0,1392105201.0,4
1392105201.0,1392105201.0,3
1392105202.0,1392105202.0,"4,3"
1392105202.0,1392105202.0,4
1392105202.0,1392105202.0,3
1392105203.0,1392105203.0,"4,3"
1392105203.0,1392105203.0,4
1392105203.0,1392105203.0,3
1392105204.0,1392105204.0,"4,3"
1392105204.0,1392105204.0,4
1392105204.0,1392105204.0,3
1392105205.0,1392105205.0,"4,3"
1392105205.0,1392105205.0,4
1392105205.0,1392105205.0,3
1392105206.0,1392105206.0,"4,3"
1392105206.0,1392105206.0,4
1392105206.0,1392105206.0,3
1392105207.0,1392105207.0,"4,3"
1392105207.0,1392105207.0,4
1392105207.0,1392105207.0,3
1392105208.0,1392105208.0,"4,3"
1392105208.0,1392105208.0,4
1392105208.0,1392105208.0,3
1392105209.0,1392105209.0,"4,3"
1392105209.0,1392105209.0,4
1392105209.0,1392105209.0,3
1392105210.0,1392105210.0,"4,3"
1392105210.0,1392105210.0,4
1392105210.0,1392105210.0,3
1392105211.0,1392105211.0,"4,3"
1392105211.0,1392105211.0,4
1392105211.0,1392105211.0,3
1392105212.0,1392105212.0,"4,3"
1392105212.0,1392105212.0,4
1392105212.0,1392105212.0,3
1392105213.0,1392105213.0,"4,3"
1392105213.0,1392105213.0,4
1392105213.0,1392105213.0,3
1392105214.0,1392105214.0,"4,3"
1392105214.0,1392105214.0,4
1392105214.0,1392105214.0,3
1392105215.0,1392105215.0,"4,3"
1392105215.0,1392105215.0,4
1392105215.0,1392105215.0,3
1392105216.0,1392105216.0,"4,3"
1392105216.0,1392105216.0,4
1392105216.0,1392105216.0,3
1392105217.0,1392105217.0,"4,3"
1392105217.0,1392105217.0,4
1392105217.0,1392105217.0,3
1392105218.0,1392105218.0,"4,3"
1392105218.0,1392105218.0,4
1392105218.0,1392105218.0,3
1392105219.0,1392105219.0,"4,3"
1392105219.0,1392105219.0,4
1392105219.0,1392105219.0,3
1392105220.0,1392105220.0,"4,3"
1392105220.0,1392105220.0,4
1392105220.0,1392105220.0,3
1392105221.0,1392105221.0,"4,3"
1392105221.0,1392105221.0,4
1392105221.0,1392105221.0,3
1392105222.0,1392105222.0,"4,3"
1392105222.0,1392105222.0,4
1392105222.0,1392105222.0,3
1392105223.0,1392105223.0,"4,3"
1392105223.0,1392105223.0,4
1392105223.0,1392105223.0,3
1392105224.0,1392105224.0,"4,3"
1392105224.0,1392105224.0,4
1392105224.0,1392105224.0,3
1392105225.0,1392105225.0,"4,3"
1392105225.0,1392105225.0,4
1392105225.0,1392105225.0,3
1392105226.0,1392105226.0,"4,3"
1392105226.0,1392105226.0,4
1392105226.0,1392105226.0,3
1392105227.0,1392105227.0,"4,3"
1392105227.0,1392105227.0,4
1392105227.0,1392105227.0,3
1392105228.0,1392105228.0,"4,3"
1392105228.0,1392105228.0,4
1392105228.0,1392105228.0,3
1392105229.0,1392105229.0,"4,3"
1392105229.0,1392105229.0,4
1392105229.0,1392105229.0,3
1392105230.0,1392105230.0,"4,3"
1392105230.0,1392105230.0,4
1392105230.0,1392105230.0,3
1392105231.0,1392105231.0,"4,3"
1392105231.0,1392105231.0,4
1392105231.0,1392105231.0,3
1392105232.0,1392105232.0,"4,3"
1392105232.0,1392105232.0,4
1392105232.0,1392105232.0,3
1392105233.0,1392105233.0,"4,3"
1392105233.0,1392105233.0,4
1392105233.0,1392105233.0,3
1392105234.0,1392105234.0,"4,3"
1392105234.0,1392105234.0,4
1392105234.0,1392105234.0,3
1392105235.0,1392105235.0,"4,3"
1392105235.0,1392105235.0,4
1392105235.0,1392105235.0,3
1392105236.0,1392105236.0,"4,3"
1392105236.0,1392105236.0,4
1392105236.0,1392105236.0,3
1392105237.0,1392105237.0,"4,3"
1392105237.0,1392105237.0,4
1392105237.0,1392105237.0,3
1392105238.0,1392105238.0,"4,3"
1392105238.0,1392105238.0,4
1392105238.0,1392105238.0,3
1392105239.0,1392105239.0,"4,3"
1392105239.0,1392105239.0,4
1392105239.0,1392105239.0,3
1392105240.0,1392105240.0,"4,3"
1392105240.0,1392105240.0,4
1392105240.0,1392105240.0,3
1392105241.0,1392105241.0,"4,3"
1392105241.0,1392105241.0,4
1392105241.0,1392105241.0,3
1392105242.0,1392105242.0,"4,3"
1392105242.0,1392105242.0,4
1392105242.0,1392105242.0,3
1392105243.0,1392105243.0,"4,3"
1392105243.0,1392105243.0,4
1392105243.0,1392105243.0,3
1392105244.0,1392105244.0,"4,3"
1392105244.0,1392105244.0,4
1392105244.0,1392105244.0,3
1392105245.0,1392105245.0,"4,3"
1392105245.0,1392105245.0,4
1392105245.0,1392105245.0,3
1392105246.0,1392105246.0,"4,3"
1392105246.0,1392105246.0,4
1392105246.0,1392105246.0,3
1392105247.0,1392105247.0,"4,3"
1392105247.0,1392105247.0,4
1392105247.0,1392105247.0,3
1392105248.0,1392105248.0,"4,3"
1392105248.0,1392105248.0,4
1392105248.0,1392105248.0,3
1392105249.0,1392105249.0,"4,3"
1392105249.0,1392105249.0,4
1392105249.0,1392105249.0,3
1392105250.0,1392105250.0,"4,3"
1392105250.0,1392105250.0,4
1392105250.0,1392105250.0,3
1392105251.0,1392105251.0,"4,3"
1392105251.0,1392105251.0,4
1392105251.0,1392105251.0,3
1392105252.0,1392105252.0,"4,3"
1392105252.0,1392105252.0,4
1392105252.0,1392105252.0,3
1392105253.0,1392105253.0,"4,3"
1392105253.0,1392105253.0,4
1392105253.0,1392105253.0,3
1392105254.0,1392105254.0,"4,3"
1392105254.0,1392105254.0,4
1392105254.0,1392105254.0,3
1392105255.0,1392105255.0,"4,3"
1392105255.0,1392105255.0,4
1392105255.0,1392105255.0,3
1392105256.0,1392105256.0,"4,3"
1392105256.0,1392105256.0,4
1392105256.0,1392105256.0,3
1392105257.0,1392105257.0,"4,3"
1392105257.0,1392105257.0,4
1392105257.0,1392105257.0,3
1392105258.0,1392105258.0,"4,3"
1392105258.0,1392105258.0,4
1392105258.0,1392105258.0,3
1392105259.0,1392105259.0,"4,3"
1392105259.0,1392105259.0,4
1392105259.0,1392105259.0,3
1392105260.0,1392105260.0,"4,3"
1392105260.0,1392105260.0,4
1392105260.0,1392105260.0,3
1392105261.0,1392105261.0,"4,3"
1392105261.0,1392105261.0,4
1392105261.0,1392105261.0,3
1392105262.0,1392105262.0,"4,3"
1392105262.0,1392105262.0,4
1392105262.0,1392105262.0,3
1392105263.0,1392105263.0,"4,3"
1392105263.0,1392105263.0,4
1392105263.0,1392105263.0,3
1392105264.0,1392105264.0,"4,3"
1392105264.0,1392105264.0,4
1392105264.0,1392105264.0,3
1392105265.0,1392105265.0,"4,3"
1392105265.0,1392105265.0,4
1392105265.0,1392105265.0,3
1392105266.0,1392105266.0,"4,3"
1392105266.0,1392105266.0,4
1392105266.0,1392105266.0,3
1392105267.0,1392105267.0,"4,3"
1392105267.0,1392105267.0,4
1392105267.0,1392105267.0,3
1392105268.0,1392105268.0,"4,3"
1392105268.0,1392105268.0,4
1392105268.0,1392105268.0,3
1392105269.0,1392105269.0,"4,3"
1392105269.0,1392105269.0,4
1392105269.0,1392105269.0,3
1392105270.0,1392105270.0,"4,3"
1392105270.0,1392105270.0,4
1392105270.0,1392105270.0,3
1392105271.0,1392105271.0,"4,3"
1392105271.0,1392105271.0,4
1392105271.0,1392105271.0,3
1392105272.0,1392105272.0,"4,3"
1392105272.0,1392105272.0,4
1392105272.0,1392105272.0,3
1392105273.0,1392105273.0,"4,3"
1392105273.0,1392105273.0,4
1392105273.0,1392105273.0,3
1392105274.0,1392105274.0,"4,3"
1392105274.0,1392105274.0,4
1392105274.0,1392105274.0,3
1392105275.0,1392105275.0,"4,3"
1392105275.0,1392105275.0,4
1392105275.0,1392105275.0,3
1392105276.0,1392105276.0,"4,3"
1392105276.0,1392105276.0,4
1392105276.0,1392105276.0,3
1392105277.0,1392105277.0,"4,3"
1392105277.0,1392105277.0,4
1392105277.0,1392105277.0,3
1392105278.0,1392105278.0,"4,3"
1392105278.0,1392105278.0,4
1392105278.0,1392105278.0,3
1392105279.0,1392105279.0,"4,3"
1392105279.0,1392105279.0,4
1392105279.0,1392105279.0,3
1392105280.0,1392105280.0,"4,3"
1392105280.0,1392105280.0,4
1392105280.0,1392105280.0,3
1392105281.0,1392105281.0,"4,3"
1392105281.0,1392105281.0,4
1392105281.0,1392105281.0,3
1392105282.0,1392105282.0,"4,3"
1392105282.0,1392105282.0,4
1392105282.0,1392105282.0,3
1392105283.0,1392105283.0,"4,3"
1392105283.0,1392105283.0,4
1392105283.0,1392105283.0,3
1392105284.0,1392105284.0,"4,3"
1392105284.0,1392105284.0,4
1392105284.0,1392105284.0,3
1392105285.0,1392105285.0,"4,3"
1392105285.0,1392105285.0,4
1392105285.0,1392105285.0,3
1392105286.0,1392105286.0,"4,3"
1392105286.0,1392105286.0,4
1392105286.0,1392105286.0,3
1392105287.0,1392105287.0,"4,3"
1392105287.0,1392105287.0,4
1392105287.0,1392105287.0,3
1392105288.0,1392105288.0,"4,3"
1392105288.0,1392105288.0,4
1392105288.0,1392105288.0,3
1392105289.0,1392105289.0,"4,3"
1392105289.0,1392105289.0,4
1392105289.0,1392105289.0,3
1392105290.0,1392105290.0,"4,3"
1392105290.0,1392105290.0,4
1392105290.0,1392105290.0,3
1392105291.0,1392105291.0,"4,3"
1392105291.0,1392105291.0,4
1392105291.0,1392105291.0,3
1392105292.0,1392105292.0,"4,3"
1392105292.0,1392105292.0,4
1392105292.0,1392105292.0,3
1392105293.0,1392105293.0,"4,3"
1392105293.0,1392105293.0,4
1392105293.0,1392105293.0,3
1392105294.0,1392105294.0,"4,3"
1392105294.0,1392105294.0,4
1392105294.0,1392105294.0,3
1392105295.0,1392105295.0,"4,3"
1392105295.0,1392105295.0,4
1392105295.0,1392105295.0,3
1392105296.0,1392105296.0,"4,3"
1392105296.0,1392105296.0,4
1392105296.0,1392105296.0,3
1392105297.0,1392105297.0,"4,3"
1392105297.0,1392105297.0,4
1392105297.0,1392105297.0,3
1392105298.0,1392105298.0,"4,3"
1392105298.0,1392105298.0,4
1392105298.0,1392105298.0,3
1392105299.0,1392105299.0,"4,3"
1392105299.0,1392105299.0,4
1392105299.0,1392105299.0,3
1392105300.0,1392105300.0,"4,3"
1392105300.0,1392105300.0,4
1392105300.0,1392105300.0,3
1392105301.0,1392105301.0,"4,3"
1392105301.0,1392105301.0,4
1392105301.0,1392105301.0,3
1392105302.0,1392105302.0,"4,3"
1392105302.0,1392105302.0,4
1392105302.0,1392105302.0,3
1392105303.0,1392105303.0,"4,3"
1392105303.0,1392105303.0,4
1392105303.0,1392105303.0,3
1392105304.0,1392105304.0,"4,3"
1392105304.0,1392105304.0,4
1392105304.0,1392105304.0,3
1392105305.0,1392105305.0,"4,3"
1392105305.0,1392105305.0,4
1392105305.0,1392105305.0,3
1392105306.0,1392105306.0,"4,3"
1392105306.0,1392105306.0,4
1392105306.0,1392105306.0,3
1392105307.0,1392105307.0,"4,3"
1392105307.0,1392105307.0,4
1392105307.0,1392105307.0,3
1392105308.0,1392105308.0,"4,3"
1392105308.0,1392105308.0,4
1392105308.0,1392105308.0,3
1392105309.0,1392105309.0,"4,3"
1392105309.0,1392105309.0,4
1392105309.0,1392105309.0,3
1392105310.0,1392105310.0,"4,3"
1392105310.0,1392105310.0,4
1392105310.0,1392105310.0,3
1392105311.0,1392105311.0,"4,3"
1392105311.0,1392105311.0,4
1392105311.0,1392105311.0,3
1392105312.0,1392105312.0,"4,3"
1392105312.0,1392105312.0,4
1392105312.0,1392105312.0,3
1392105313.0,1392105313.0,"4,3"
1392105313.0,1392105313.0,4
1392105313.0,1392105313.0,3
1392105314.0,1392105314.0,"4,3"
1392105314.0,1392105314.0,4
1392105314.0,1392105314.0,3
1392105315.0,1392105315.0,"4,3"
1392105315.0,1392105315.0,4
1392105315.0,1392105315.0,3
1392105316.0,1392105316.0,"4,3"
1392105316.0,1392105316.0,4
1392105316.0,1392105316.0,3
1392105317.0,1392105317.0,"4,3"
1392105317.0,1392105317.0,4
1392105317.0,1392105317.0,3
1392105318.0,1392105318.0,"4,3"
1392105318.0,1392105318.0,4
1392105318.0,1392105318.0,3
1392105319.0,1392105319.0,"4,3"
1392105319.0,1392105319.0,4
1392105319.0,1392105319.0,3
1392105320.0,1392105320.0,"4,3"
1392105320.0,1392105320.0,4
1392105320.0,1392105320.0,3
1392105321.0,1392105321.0,"4,3"
1392105321.0,1392105321.0,4
1392105321.0,1392105321.0,3
1392105322.0,1392105322.0,"4,3"
1392105322.0,1392105322.0,4
1392105322.0,1392105322.0,3
1392105323.0,1392105323.0,"4,3"
1392105323.0,1392105323.0,4
1392105323.0,1392105323.0,3
1392105324.0,1392105324.0,"4,3"
1392105324.0,1392105324.0,4
1392105324.0,1392105324.0,3
1392105325.0,1392105325.0,"4,3"
1392105325.0,1392105325.0,4
1392105325.0,1392105325.0,3
1392105326.0,1392105326.0,"4,3"
1392105326.0,1392105326.0,4
1392105326.0,1392105326.0,3
1392105327.0,1392105327.0,"4,3"
1392105327.0,1392105327.0,4
1392105327.0,1392105327.0,3
1392105328.0,1392105328.0,"4,3"
1392105328.0,1392105328.0,4
1392105328.0,1392105328.0,3
1392105329.0,1392105329.0,"4,3"
1392105329.0,1392105329.0,4
1392105329.0,1392105329.0,3
1392105330.0,1392105330.0,"4,3"
1392105330.0,1392105330.0,4
1392105330.0,1392105330.0,3
1392105331.0,1392105331.0,"4,3"
1392105331.0,1392105331.0,4
1392105331.0,1392105331.0,3
1392105332.0,1392105332.0,"4,3"
1392105332.0,1392105332.0,4
1392105332.0,1392105332.0,3
1392105333.0,1392105333.0,"4,3"
1392105333.0,1392105333.0,4
1392105333.0,1392105333.0,3
1392105334.0,1392105334.0,"4,3"
1392105334.0,1392105334.0,4
1392105334.0,1392105334.0,3
1392105335.0,1392105335.0,"4,3"
1392105335.0,1392105335.0,4
1392105335.0,1392105335.0,3
1392105336.0,1392105336.0,"4,3"
1392105336.0,1392105336.0,4
1392105336.0,1392105336.0,3
1392105337.0,1392105337.0,"4,3"
1392105337.0,1392105337.0,4
1392105337.0,1392105337.0,3
1392105338.0,1392105338.0,"4,3"
1392105338.0,1392105338.0,4
1392105338.0,1392105338.0,3
1392105339.0,1392105339.0,"4,3"
1392105339.0,1392105339.0,4
1392105339.0,1392105339.0,3
1392105340.0,1392105340.0,"4,3"
1392105340.0,1392105340.0,4
1392105340.0,1392105340.0,3
1392105341.0,1392105341.0,"4,3"
1392105341.0,1392105341.0,4
1392105341.0,1392105341.0,3
1392105342.0,1392105342.0,"4,3"
1392105342.0,1392105342.0,4
1392105342.0,1392105342.0,3
1392105343.0,1392105343.0,"4,3"
1392105343.0,1392105343.0,4
1392105343.0,1392105343.0,3
1392105344.0,1392105344.0,"4,3"
1392105344.0,1392105344.0,4
1392105344.0,1392105344.0,3
1392105345.0,1392105345.0,"4,3"
1392105345.0,1392105345.0,4
1392105345.0,1392105345.0,3
1392105346.0,1392105346.0,"4,3"
1392105346.0,1392105346.0,4
1392105346.0,1392105346.0,3
1392105347.0,1392105347.0,"4,3"
1392105347.0,1392105347.0,4
1392105347.0,1392105347.0,3
1392105348.0,1392105348.0,"4,3"
1392105348.0,1392105348.0,4
1392105348.0,1392105348.0,3
1392105349.0,1392105349.0,"4,3"
1392105349.0,1392105349.0,4
1392105349.0,1392105349.0,3
1392105350.0,1392105350.0,"4,3"
1392105350.0,1392105350.0,4
1392105350.0,1392105350.0,3
1392105351.0,1392105351.0,"4,3"
1392105351.0,1392105351.0,4
1392105351.0,1392105351.0,3
1392105352.0,1392105352.0,"4,3"
1392105352.0,1392105352.0,4
1392105352.0,1392105352.0,3
1392105353.0,1392105353.0,"4,3"
1392105353.0,1392105353.0,4
1392105353.0,1392105353.0,3
1392105354.0,1392105354.0,"4,3"
1392105354.0,1392105354.0,4
1392105354.0,1392105354.0,3
1392105355.0,1392105355.0,"4,3"
1392105355.0,1392105355.0,4
1392105355.0,1392105355.0,3
1392105356.0,1392105356.0,"4,3"
1392105356.0,1392105356.0,4
1392105356.0,1392105356.0,3
1392105357.0,1392105357.0,"4,3"
1392105357.0,1392105357.0,4
1392105357.0,1392105357.0,3
1392105358.0,1392105358.0,"4,3"
1392105358.0,1392105358.0,4
1392105358.0,1392105358.0,3
1392105359.0,1392105359.0,"4,3"
1392105359.0,1392105359.0,4
1392105359.0,1392105359.0,3
1392105360.0,1392105360.0,"4,3"
1392105360.0,1392105360.0,4
1392105360.0,1392105360.0,3
1392105361.0,1392105361.0,"4,3"
1392105361.0,1392105361.0,4
1392105361.0,1392105361.0,3
1392105362.0,1392105362.0,"4,3"
1392105362.0,1392105362.0,4
1392105362.0,1392105362.0,3
1392105363.0,1392105363.0,"4,3"
1392105363.0,1392105363.0,4
1392105363.0,1392105363.0,3
1392105364.0,1392105364.0,"4,3"
1392105364.0,1392105364.0,4
1392105364.0,1392105364.0,3
1392105365.0,1392105365.0,"4,3"
1392105365.0,1392105365.0,4
1392105365.0,1392105365.0,3
1392105366.0,1392105366.0,"4,3"
1392105366.0,1392105366.0,4
1392105366.0,1392105366.0,3
1392105367.0,1392105367.0,"4,3"
1392105367.0,1392105367.0,4
1392105367.0,1392105367.0,3
1392105368.0,1392105368.0,"4,3"
1392105368.0,1392105368.0,4
1392105368.0,1392105368.0,3
1392105369.0,1392105369.0,"4,3"
1392105369.0,1392105369.0,4
1392105369.0,1392105369.0,3
1392105370.0,1392105370.0,"4,3"
1392105370.0,1392105370.0,4
1392105370.0,1392105370.0,3
1392105371.0,1392105371.0,"4,3"
1392105371.0,1392105371.0,4
1392105371.0,1392105371.0,3
1392105372.0,1392105372.0,"4,3"
1392105372.0,1392105372.0,4
1392105372.0,1392105372.0,3
1392105373.0,1392105373.0,"4,3"
1392105373.0,1392105373.0,4
1392105373.0,1392105373.0,3
1392105374.0,1392105374.0,"4,3"
1392105374.0,1392105374.0,4
1392105374.0,1392105374.0,3
1392105375.0,1392105375.0,"4,3"
1392105375.0,1392105375.0,4
1392105375.0,1392105375.0,3
1392105376.0,1392105376.0,"4,3"
1392105376.0,1392105376.0,4
1392105376.0,1392105376.0,3
1392105377.0,1392105377.0,"4,3"
1392105377.0,1392105377.0,4
1392105377.0,1392105377.0,3
1392105378.0,1392105378.0,"4,3"
1392105378.0,1392105378.0,4
1392105378.0,1392105378.0,3
1392105379.0,1392105379.0,"4,3"
1392105379.0,1392105379.0,4
1392105379.0,1392105379.0,3
1392105380.0,1392105380.0,"4,3"
1392105380.0,1392105380.0,4
1392105380.0,1392105380.0,3
1392105381.0,1392105381.0,"4,3"
1392105381.0,1392105381.0,4
1392105381.0,1392105381.0,3
1392105382.0,1392105382.0,"4,3"
1392105382.0,1392105382.0,4
1392105382.0,1392105382.0,3
1392105383.0,1392105383.0,"4,3"
1392105383.0,1392105383.0,4
1392105383.0,1392105383.0,3
1392105384.0,1392105384.0,"4,3"
1392105384.0,1392105384.0,4
1392105384.0,1392105384.0,3
1392105385.0,1392105385.0,"4,3"
1392105385.0,1392105385.0,4
1392105385.0,1392105385.0,3
1392105386.0,1392105386.0,"4,3"
1392105386.0,1392105386.0,4
1392105386.0,1392105386.0,3
1392105387.0,1392105387.0,"4,3"
1392105387.0,1392105387.0,4
1392105387.0,1392105387.0,3
1392105388.0,1392105388.0,"4,3"
1392105388.0,1392105388.0,4
1392105388.0,1392105388.0,3
1392105389.0,1392105389.0,"4,3"
1392105389.0,1392105389.0,4
1392105389.0,1392105389.0,3
1392105390.0,1392105390.0,"4,3"
1392105390.0,1392105390.0,4
1392105390.0,1392105390.0,3
1392105391.0,1392105391.0,"4,3"
1392105391.0,1392105391.0,4
1392105391.0,1392105391.0,3
1392105392.0,1392105392.0,"4,3"
1392105392.0,1392105392.0,4
1392105392.0,1392105392.0,3
1392105393.0,1392105393.0,"4,3"
