1392103529.0,1392103529.0.1,1
1392103529.0,1392103529.0,"4,1"
1392103529.0,1392103529.0,1
1392103530.0,1392103530.0,"4,1"
1392103530.0,1392103530.0,1
1392103531.0,1392103531.0,"4,1"
1392103531.0,1392103531.0,1
1392103532.0,1392103532.0,"4,1"
1392103532.0,1392103532.0,1
1392103533.0,1392103533.0,"4,1"
1392103533.0,1392103533.0,1
1392103534.0,1392103534.0,"4,1"
1392103534.0,1392103534.0,1
1392103535.0,1392103535.0,"4,1"
1392103535.0,1392103535.0,1
1392103536.0,1392103536.0,"4,1"
1392103536.0,1392103536.0,1
1392103537.0,1392103537.0,"4,1"
1392103537.0,1392103537.0,1
1392103538.0,1392103538.0,"4,1"
1392103538.0,1392103538.0,1
1392103539.0,1392103539.0,"4,1"
1392103539.0,1392103539.0,1
1392103540.0,1392103540.0,"4,1"
1392103540.0,1392103540.0,1
1392103541.0,1392103541.0,"4,1"
1392103541.0,1392103541.0,1
1392103542.0,1392103542.0,"4,1"
1392103542.0,1392103542.0,1
1392103543.0,1392103543.0,"4,1"
1392103543.0,1392103543.0,1
1392103544.0,1392103544.0,"4,1"
1392103544.0,1392103544.0,1
1392103545.0,1392103545.0,"4,1"
1392103545.0,1392103545.0,1
1392103546.0,1392103546.0,"4,1"
1392103546.0,1392103546.0,1
1392103547.0,1392103547.0,"4,1"
1392103547.0,1392103547.0,1
1392103548.0,1392103548.0,"4,1"
1392103548.0,1392103548.0,1
1392103549.0,1392103549.0,"4,1"
1392103549.0,1392103549.0,1
1392103550.0,1392103550.0,"4,1"
1392103550.0,1392103550.0,1
1392103551.0,1392103551.0,"4,1"
1392103551.0,1392103551.0,1
1392103552.0,1392103552.0,"4,1"
1392103552.0,1392103552.0,1
1392103553.0,1392103553.0,"4,1"
1392103553.0,1392103553.0,1
1392103554.0,1392103554.0,"4,1"
1392103554.0,1392103554.0,1
1392103555.0,1392103555.0,"4,1"
1392103555.0,1392103555.0,1
1392103556.0,1392103556.0,"4,1"
1392103556.0,1392103556.0,1
1392103557.0,1392103557.0,"4,1"
1392103557.0,1392103557.0,1
1392103558.0,1392103558.0,"4,1"
1392103558.0,1392103558.0,1
1392103559.0,1392103559.0,"4,1"
1392103559.0,1392103559.0,1
1392103560.0,1392103560.0,"4,1"
1392103560.0,1392103560.0,1
1392103561.0,1392103561.0,"4,1"
1392103561.0,1392103561.0,1
1392103562.0,1392103562.0,"4,1"
1392103562.0,1392103562.0,1
1392103563.0,1392103563.0,"4,1"
1392103563.0,1392103563.0,1
1392103564.0,1392103564.0,"4,1"
1392103564.0,1392103564.0,1
1392103565.0,1392103565.0,"4,1"
1392103565.0,1392103565.0,1
1392103566.0,1392103566.0,"4,1"
1392103566.0,1392103566.0,1
1392103567.0,1392103567.0,"4,1"
1392103567.0,1392103567.0,1
1392103568.0,1392103568.0,"4,1"
1392103568.0,1392103568.0,1
1392103569.0,1392103569.0,"4,1"
1392103569.0,1392103569.0,1
1392103570.0,1392103570.0,"4,1"
1392103570.0,1392103570.0,1
1392103571.0,1392103571.0,"4,1"
1392103571.0,1392103571.0,1
1392103572.0,1392103572.0,"4,1"
1392103572.0,1392103572.0,1
1392103573.0,1392103573.0,"4,1"
1392103573.0,1392103573.0,1
1392103574.0,1392103574.0,"4,1"
1392103574.0,1392103574.0,1
1392103575.0,1392103575.0,"4,1"
1392103575.0,1392103575.0,1
1392103576.0,1392103576.0,"4,1"
1392103576.0,1392103576.0,1
1392103577.0,1392103577.0,"4,1"
1392103577.0,1392103577.0,1
1392103578.0,1392103578.0,"4,1"
1392103578.0,1392103578.0,1
1392103579.0,1392103579.0,"4,1"
1392103579.0,1392103579.0,1
1392103580.0,1392103580.0,"4,1"
1392103580.0,1392103580.0,1
1392103581.0,1392103581.0,"4,1"
1392103581.0,1392103581.0,1
1392103582.0,1392103582.0,"4,1"
1392103582.0,1392103582.0,1
1392103583.0,1392103583.0,"4,1"
1392103583.0,1392103583.0,1
1392103584.0,1392103584.0,"4,1"
1392103584.0,1392103584.0,1
1392103585.0,1392103585.0,"4,1"
1392103585.0,1392103585.0,1
1392103586.0,1392103586.0,"4,1"
1392103586.0,1392103586.0,1
1392103587.0,1392103587.0,"4,1"
1392103587.0,1392103587.0,1
1392103588.0,1392103588.0,"4,1"
1392103588.0,1392103588.0,1
1392103589.0,1392103589.0,"4,1"
1392103589.0,1392103589.0,1
1392103590.0,1392103590.0,"4,1"
1392103590.0,1392103590.0,1
1392103591.0,1392103591.0,"4,1"
1392103591.0,1392103591.0,1
1392103592.0,1392103592.0,"4,1"
1392103592.0,1392103592.0,1
1392103593.0,1392103593.0,"4,1"
1392103593.0,1392103593.0,1
1392103594.0,1392103594.0,"4,1"
1392103594.0,1392103594.0,1
1392103595.0,1392103595.0,"4,1"
1392103595.0,1392103595.0,1
1392103596.0,1392103596.0,"4,1"
1392103596.0,1392103596.0,1
1392103597.0,1392103597.0,"4,1"
1392103597.0,1392103597.0,1
1392103598.0,1392103598.0,"4,1"
1392103598.0,1392103598.0,1
1392103599.0,1392103599.0,"4,1"
1392103599.0,1392103599.0,1
1392103600.0,1392103600.0,"4,1"
1392103600.0,1392103600.0,1
1392103601.0,1392103601.0,"4,1"
1392103601.0,1392103601.0,1
1392103602.0,1392103602.0,"4,1"
1392103602.0,1392103602.0,1
1392103603.0,1392103603.0,"4,1"
1392103603.0,1392103603.0,1
1392103604.0,1392103604.0,"4,1"
1392103604.0,1392103604.0,1
1392103605.0,1392103605.0,"4,1"
1392103605.0,1392103605.0,1
1392103606.0,1392103606.0,"4,1"
1392103606.0,1392103606.0,1
1392103607.0,1392103607.0,"4,1"
1392103607.0,1392103607.0,1
1392103608.0,1392103608.0,"4,1"
1392103608.0,1392103608.0,1
1392103609.0,1392103609.0,"4,1"
1392103609.0,1392103609.0,1
1392103610.0,1392103610.0,"4,1"
1392103610.0,1392103610.0,1
1392103611.0,1392103611.0,"4,1"
1392103611.0,1392103611.0,1
1392103612.0,1392103612.0,"4,1"
1392103612.0,1392103612.0,1
1392103613.0,1392103613.0,"4,1"
1392103613.0,1392103613.0,1
1392103614.0,1392103614.0,"4,1"
1392103614.0,1392103614.0,1
1392103615.0,1392103615.0,"4,1"
1392103615.0,1392103615.0,1
1392103616.0,1392103616.0,"4,1"
1392103616.0,1392103616.0,1
1392103617.0,1392103617.0,"4,1"
1392103617.0,1392103617.0,1
1392103618.0,1392103618.0,"4,1"
1392103618.0,1392103618.0,1
1392103619.0,1392103619.0,"4,1"
1392103619.0,1392103619.0,1
1392103620.0,1392103620.0,"4,1"
1392103620.0,1392103620.0,1
1392103621.0,1392103621.0,"4,1"
1392103621.0,1392103621.0,1
1392103622.0,1392103622.0,"4,1"
1392103622.0,1392103622.0,1
1392103623.0,1392103623.0,"4,1"
1392103623.0,1392103623.0,1
1392103624.0,1392103624.0,"4,1"
1392103624.0,1392103624.0,1
1392103625.0,1392103625.0,"4,1"
1392103625.0,1392103625.0,1
1392103626.0,1392103626.0,"4,1"
1392103626.0,1392103626.0,1
1392103627.0,1392103627.0,"4,1"
1392103627.0,1392103627.0,1
1392103628.0,1392103628.0,"4,1"
1392103628.0,1392103628.0,1
1392103629.0,1392103629.0,"4,1"
1392103629.0,1392103629.0,1
1392103630.0,1392103630.0,"4,1"
1392103630.0,1392103630.0,1
1392103631.0,1392103631.0,"4,1"
1392103631.0,1392103631.0,1
1392103632.0,1392103632.0,"4,1"
1392103632.0,1392103632.0,1
1392103633.0,1392103633.0,"4,1"
1392103633.0,1392103633.0,1
1392103634.0,1392103634.0,"4,1"
1392103634.0,1392103634.0,1
1392103635.0,1392103635.0,"4,1"
1392103635.0,1392103635.0,1
1392103636.0,1392103636.0,"4,1"
1392103636.0,1392103636.0,1
1392103637.0,1392103637.0,"4,1"
1392103637.0,1392103637.0,1
1392103638.0,1392103638.0,"4,1"
1392103638.0,1392103638.0,1
1392103639.0,1392103639.0,"4,1"
1392103639.0,1392103639.0,1
1392103640.0,1392103640.0,"4,1"
1392103640.0,1392103640.0,1
1392103641.0,1392103641.0,"4,1"
1392103641.0,1392103641.0,1
1392103642.0,1392103642.0,"4,1"
1392103642.0,1392103642.0,1
1392103643.0,1392103643.0,"4,1"
1392103643.0,1392103643.0,1
1392103644.0,1392103644.0,"4,1"
1392103644.0,1392103644.0,1
1392103645.0,1392103645.0,"4,1"
1392103645.0,1392103645.0,1
1392103646.0,1392103646.0,"4,1"
1392103646.0,1392103646.0,1
1392103647.0,1392103647.0,"4,1"
1392103647.0,1392103647.0,1
1392103648.0,1392103648.0,"4,1"
1392103648.0,1392103648.0,1
1392103649.0,1392103649.0,"4,1"
1392103649.0,1392103649.0,1
1392103650.0,1392103650.0,"4,1"
1392103650.0,1392103650.0,1
1392103651.0,1392103651.0,"4,1"
1392103651.0,1392103651.0,1
1392103652.0,1392103652.0,"4,1"
1392103652.0,1392103652.0,1
1392103653.0,1392103653.0,"4,1"
1392103653.0,1392103653.0,1
1392103654.0,1392103654.0,"4,1"
1392103654.0,1392103654.0,1
1392103655.0,1392103655.0,"4,1"
1392103655.0,1392103655.0,1
1392103656.0,1392103656.0,"4,1"
1392103656.0,1392103656.0,1
1392103657.0,1392103657.0,"4,1"
1392103657.0,1392103657.0,1
1392103658.0,1392103658.0,"4,1"
1392103658.0,1392103658.0,1
1392103659.0,1392103659.0,"4,1"
1392103659.0,1392103659.0,1
1392103660.0,1392103660.0,"4,1"
1392103660.0,1392103660.0,1
1392103661.0,1392103661.0,"4,1"
1392103661.0,1392103661.0,1
1392103662.0,1392103662.0,"4,1"
1392103662.0,1392103662.0,1
1392103663.0,1392103663.0,"4,1"
1392103663.0,1392103663.0,1
1392103664.0,1392103664.0,"4,1"
1392103664.0,1392103664.0,1
1392103665.0,1392103665.0,"4,1"
1392103665.0,1392103665.0,1
1392103666.0,1392103666.0,"4,1"
1392103666.0,1392103666.0,1
1392103667.0,1392103667.0,"4,1"
1392103667.0,1392103667.0,1
1392103668.0,1392103668.0,"4,1"
1392103668.0,1392103668.0,1
1392103669.0,1392103669.0,"4,1"
1392103669.0,1392103669.0,1
1392103670.0,1392103670.0,"4,1"
1392103670.0,1392103670.0,1
1392103671.0,1392103671.0,"4,1"
1392103671.0,1392103671.0,1
1392103672.0,1392103672.0,"4,1"
1392103672.0,1392103672.0,1
1392103673.0,1392103673.0,"4,1"
1392103673.0,1392103673.0,1
1392103674.0,1392103674.0,"4,1"
1392103674.0,1392103674.0,1
1392103675.0,1392103675.0,"4,1"
1392103675.0,1392103675.0,1
1392103676.0,1392103676.0,"4,1"
1392103676.0,1392103676.0,1
1392103677.0,1392103677.0,"4,1"
1392103677.0,1392103677.0,1
1392103678.0,1392103678.0,"4,1"
1392103678.0,1392103678.0,1
1392103679.0,1392103679.0,"4,1"
1392103679.0,1392103679.0,1
1392103680.0,1392103680.0,"4,1"
1392103680.0,1392103680.0,1
1392103681.0,1392103681.0,"4,1"
1392103681.0,1392103681.0,1
1392103682.0,1392103682.0,"4,1"
1392103682.0,1392103682.0,1
1392103683.0,1392103683.0,"4,1"
1392103683.0,1392103683.0,1
1392103684.0,1392103684.0,"4,1"
1392103684.0,1392103684.0,1
1392103685.0,1392103685.0,"4,1"
1392103685.0,1392103685.0,1
1392103686.0,1392103686.0,"4,1"
1392103686.0,1392103686.0,1
1392103687.0,1392103687.0,"4,1"
1392103687.0,1392103687.0,1
1392103688.0,1392103688.0,"4,1"
1392103688.0,1392103688.0,1
1392103689.0,1392103689.0,"4,1"
1392103689.0,1392103689.0,1
1392103690.0,1392103690.0,"4,1"
1392103690.0,1392103690.0,1
1392103691.0,1392103691.0,"4,1"
1392103691.0,1392103691.0,1
1392103692.0,1392103692.0,"4,1"
1392103692.0,1392103692.0,1
1392103693.0,1392103693.0,"4,1"
1392103693.0,1392103693.0,1
1392103694.0,1392103694.0,"4,1"
1392103694.0,1392103694.0,1
1392103695.0,1392103695.0,"4,1"
1392103695.0,1392103695.0,1
1392103696.0,1392103696.0,"4,1"
1392103696.0,1392103696.0,1
1392103697.0,1392103697.0,"4,1"
1392103697.0,1392103697.0,1
1392103698.0,1392103698.0,"4,1"
1392103698.0,1392103698.0,1
1392103699.0,1392103699.0,"4,1"
1392103699.0,1392103699.0,1
1392103700.0,1392103700.0,"4,1"
1392103700.0,1392103700.0,1
1392103701.0,1392103701.0,"4,1"
1392103701.0,1392103701.0,1
1392103702.0,1392103702.0,"4,1"
1392103702.0,1392103702.0,1
1392103703.0,1392103703.0,"4,1"
1392103703.0,1392103703.0,1
1392103704.0,1392103704.0,"4,1"
1392103704.0,1392103704.0,1
1392103705.0,1392103705.0,"4,1"
1392103705.0,1392103705.0,1
1392103706.0,1392103706.0,"4,1"
1392103706.0,1392103706.0,1
1392103707.0,1392103707.0,"4,1"
1392103707.0,1392103707.0,1
1392103708.0,1392103708.0,"4,1"
1392103708.0,1392103708.0,1
1392103709.0,1392103709.0,"4,1"
1392103709.0,1392103709.0,1
1392103710.0,1392103710.0,"4,1"
1392103710.0,1392103710.0,1
1392103711.0,1392103711.0,"4,1"
1392103711.0,1392103711.0,1
1392103712.0,1392103712.0,"4,1"
1392103712.0,1392103712.0,1
1392103713.0,1392103713.0,"4,1"
1392103713.0,1392103713.0,1
1392103714.0,1392103714.0,"4,1"
1392103714.0,1392103714.0,1
1392103715.0,1392103715.0,"4,1"
1392103715.0,1392103715.0,1
1392103716.0,1392103716.0,"4,1"
1392103716.0,1392103716.0,1
1392103717.0,1392103717.0,"4,1"
1392103717.0,1392103717.0,1
1392103718.0,1392103718.0,"4,1"
1392103718.0,1392103718.0,1
1392103719.0,1392103719.0,"4,1"
1392103719.0,1392103719.0,1
1392103720.0,1392103720.0,"4,1"
1392103720.0,1392103720.0,1
1392103721.0,1392103721.0,"4,1"
1392103721.0,1392103721.0,1
1392103722.0,1392103722.0,"4,1"
1392103722.0,1392103722.0,1
1392103723.0,1392103723.0,"4,1"
1392103723.0,1392103723.0,1
1392103724.0,1392103724.0,"4,1"
1392103724.0,1392103724.0,1
1392103725.0,1392103725.0,"4,1"
1392103725.0,1392103725.0,1
1392103726.0,1392103726.0,"4,1"
1392103726.0,1392103726.0,1
1392103727.0,1392103727.0,"4,1"
1392103727.0,1392103727.0,1
1392103728.0,1392103728.0,"4,1"
1392103728.0,1392103728.0,1
1392103729.0,1392103729.0,"4,1"
1392103729.0,1392103729.0,1
1392103730.0,1392103730.0,"4,1"
1392103730.0,1392103730.0,1
1392103731.0,1392103731.0,"4,1"
1392103731.0,1392103731.0,1
1392103732.0,1392103732.0,"4,1"
1392103732.0,1392103732.0,1
1392103733.0,1392103733.0,"4,1"
1392103733.0,1392103733.0,1
1392103734.0,1392103734.0,"4,1"
1392103734.0,1392103734.0,1
1392103735.0,1392103735.0,"4,1"
1392103735.0,1392103735.0,1
1392103736.0,1392103736.0,"4,1"
1392103736.0,1392103736.0,1
1392103737.0,1392103737.0,"4,1"
1392103737.0,1392103737.0,1
1392103738.0,1392103738.0,"4,1"
1392103738.0,1392103738.0,1
1392103739.0,1392103739.0,"4,1"
1392103739.0,1392103739.0,1
1392103740.0,1392103740.0,"4,1"
1392103740.0,1392103740.0,1
1392103741.0,1392103741.0,"4,1"
1392103741.0,1392103741.0,1
1392103742.0,1392103742.0,"4,1"
1392103742.0,1392103742.0,1
1392103743.0,1392103743.0,"4,1"
1392103743.0,1392103743.0,1
1392103744.0,1392103744.0,"4,1"
1392103744.0,1392103744.0,1
1392103745.0,1392103745.0,"4,1"
1392103745.0,1392103745.0,1
1392103746.0,1392103746.0,"4,1"
1392103746.0,1392103746.0,1
1392103747.0,1392103747.0,"4,1"
1392103747.0,1392103747.0,1
1392103748.0,1392103748.0,"4,1"
1392103748.0,1392103748.0,1
1392103749.0,1392103749.0,"4,1"
1392103749.0,1392103749.0,1
1392103750.0,1392103750.0,"4,1"
1392103750.0,1392103750.0,1
1392103751.0,1392103751.0,"4,1"
1392103751.0,1392103751.0,1
1392103752.0,1392103752.0,"4,1"
1392103752.0,1392103752.0,1
1392103753.0,1392103753.0,"4,1"
1392103753.0,1392103753.0,1
1392103754.0,1392103754.0,"4,1"
1392103754.0,1392103754.0,1
1392103755.0,1392103755.0,"4,1"
1392103755.0,1392103755.0,1
1392103756.0,1392103756.0,"4,1"
1392103756.0,1392103756.0,1
1392103757.0,1392103757.0,"4,1"
1392103757.0,1392103757.0,1
1392103758.0,1392103758.0,"4,1"
1392103758.0,1392103758.0,1
1392103759.0,1392103759.0,"4,1"
1392103759.0,1392103759.0,1
1392103760.0,1392103760.0,"4,1"
1392103760.0,1392103760.0,1
1392103761.0,1392103761.0,"4,1"
1392103761.0,1392103761.0,1
1392103762.0,1392103762.0,"4,1"
1392103762.0,1392103762.0,1
1392103763.0,1392103763.0,"4,1"
1392103763.0,1392103763.0,1
1392103764.0,1392103764.0,"4,1"
1392103764.0,1392103764.0,1
1392103765.0,1392103765.0,"4,1"
1392103765.0,1392103765.0,1
1392103766.0,1392103766.0,"4,1"
1392103766.0,1392103766.0,1
1392103767.0,1392103767.0,"4,1"
1392103767.0,1392103767.0,1
1392103768.0,1392103768.0,"4,1"
1392103768.0,1392103768.0,1
1392103769.0,1392103769.0,"4,1"
1392103769.0,1392103769.0,1
1392103770.0,1392103770.0,"4,1"
1392103770.0,1392103770.0,1
1392103771.0,1392103771.0,"4,1"
1392103771.0,1392103771.0,1
1392103772.0,1392103772.0,"4,1"
1392103772.0,1392103772.0,1
1392103773.0,1392103773.0,"4,1"
1392103773.0,1392103773.0,1
1392103774.0,1392103774.0,"4,1"
1392103774.0,1392103774.0,1
1392103775.0,1392103775.0,"4,1"
1392103775.0,1392103775.0,1
1392103776.0,1392103776.0,"4,1"
1392103776.0,1392103776.0,1
1392103777.0,1392103777.0,"4,1"
1392103777.0,1392103777.0,1
1392103778.0,1392103778.0,"4,1"
1392103778.0,1392103778.0,1
1392103779.0,1392103779.0,"4,1"
1392103779.0,1392103779.0,1
1392103780.0,1392103780.0,"4,1"
1392103780.0,1392103780.0,1
1392103781.0,1392103781.0,"4,1"
1392103781.0,1392103781.0,1
1392103782.0,1392103782.0,"4,1"
1392103782.0,1392103782.0,1
1392103783.0,1392103783.0,"4,1"
1392103783.0,1392103783.0,1
1392103784.0,1392103784.0,"4,1"
1392103784.0,1392103784.0,1
1392103785.0,1392103785.0,"4,1"
1392103785.0,1392103785.0,1
1392103786.0,1392103786.0,"4,1"
1392103786.0,1392103786.0,1
1392103787.0,1392103787.0,"4,1"
1392103787.0,1392103787.0,1
1392103788.0,1392103788.0,"4,1"
1392103788.0,1392103788.0,1
1392103789.0,1392103789.0,"4,1"
1392103789.0,1392103789.0,1
1392103790.0,1392103790.0,"4,1"
1392103790.0,1392103790.0,1
1392103791.0,1392103791.0,"4,1"
1392103791.0,1392103791.0,1
1392103792.0,1392103792.0,"4,1"
1392103792.0,1392103792.0,1
1392103793.0,1392103793.0,"4,1"
1392103793.0,1392103793.0,1
1392103794.0,1392103794.0,"4,1"
1392103794.0,1392103794.0,1
1392103795.0,1392103795.0,"4,1"
1392103795.0,1392103795.0,1
1392103796.0,1392103796.0,"4,1"
1392103796.0,1392103796.0,1
1392103797.0,1392103797.0,"4,1"
1392103797.0,1392103797.0,1
1392103798.0,1392103798.0,"4,1"
1392103798.0,1392103798.0,1
1392103799.0,1392103799.0,"4,1"
1392103799.0,1392103799.0,1
1392103800.0,1392103800.0,"4,1"
1392103800.0,1392103800.0,1
1392103801.0,1392103801.0,"4,1"
1392103801.0,1392103801.0,1
1392103802.0,1392103802.0,"4,1"
1392103802.0,1392103802.0,1
1392103803.0,1392103803.0,"4,1"
1392103803.0,1392103803.0,1
1392103804.0,1392103804.0,"4,1"
1392103804.0,1392103804.0,1
1392103805.0,1392103805.0,"4,1"
1392103805.0,1392103805.0,1
1392103806.0,1392103806.0,"4,1"
1392103806.0,1392103806.0,1
1392103807.0,1392103807.0,"4,1"
1392103807.0,1392103807.0,1
1392103808.0,1392103808.0,"4,1"
1392103808.0,1392103808.0,1
1392103809.0,1392103809.0,"4,1"
1392103809.0,1392103809.0,1
1392103810.0,1392103810.0,"4,1"
1392103810.0,1392103810.0,1
1392103811.0,1392103811.0,"4,1"
1392103811.0,1392103811.0,1
1392103812.0,1392103812.0,"4,1"
1392103812.0,1392103812.0,1
1392103813.0,1392103813.0,"4,1"
1392103813.0,1392103813.0,1
1392103814.0,1392103814.0,"4,1"
1392103814.0,1392103814.0,1
1392103815.0,1392103815.0,"4,1"
1392103815.0,1392103815.0,1
1392103816.0,1392103816.0,"4,1"
1392103816.0,1392103816.0,1
1392103817.0,1392103817.0,"4,1"
1392103817.0,1392103817.0,1
1392103818.0,1392103818.0,"4,1"
1392103818.0,1392103818.0,1
1392103819.0,1392103819.0,"4,1"
1392103819.0,1392103819.0,1
1392103820.0,1392103820.0,"4,1"
1392103820.0,1392103820.0,1
1392103821.0,1392103821.0,"4,1"
1392103821.0,1392103821.0,1
1392103822.0,1392103822.0,"4,1"
1392103822.0,1392103822.0,1
1392103823.0,1392103823.0,"4,1"
1392103823.0,1392103823.0,1
1392103824.0,1392103824.0,"4,1"
1392103824.0,1392103824.0,1
1392103825.0,1392103825.0,"4,1"
1392103825.0,1392103825.0,1
1392103826.0,1392103826.0,"4,1"
1392103826.0,1392103826.0,1
1392103827.0,1392103827.0,"4,1"
1392103827.0,1392103827.0,1
1392103828.0,1392103828.0,"4,1"
1392103828.0,1392103828.0,1
1392103829.0,1392103829.0,"4,1"
1392103829.0,1392103829.0,1
1392103830.0,1392103830.0,"4,1"
1392103830.0,1392103830.0,1
1392103831.0,1392103831.0,"4,1"
1392103831.0,1392103831.0,1
1392103832.0,1392103832.0,"4,1"
1392103832.0,1392103832.0,1
1392103833.0,1392103833.0,"4,1"
1392103833.0,1392103833.0,1
1392103834.0,1392103834.0,"4,1"
1392103834.0,1392103834.0,1
1392103835.0,1392103835.0,"4,1"
1392103835.0,1392103835.0,1
1392103836.0,1392103836.0,"4,1"
1392103836.0,1392103836.0,1
1392103837.0,1392103837.0,"4,1"
1392103837.0,1392103837.0,1
1392103838.0,1392103838.0,"4,1"
1392103838.0,1392103838.0,1
1392103839.0,1392103839.0,"4,1"
1392103839.0,1392103839.0,1
1392103840.0,1392103840.0,"4,1"
1392103840.0,1392103840.0,1
1392103841.0,1392103841.0,"4,1"
1392103841.0,1392103841.0,1
1392103842.0,1392103842.0,"4,1"
1392103842.0,1392103842.0,1
1392103843.0,1392103843.0,"4,1"
1392103843.0,1392103843.0,1
1392103844.0,1392103844.0,"4,1"
1392103844.0,1392103844.0,1
1392103845.0,1392103845.0,"4,1"
1392103845.0,1392103845.0,1
1392103846.0,1392103846.0,"4,1"
1392103846.0,1392103846.0,1
1392103847.0,1392103847.0,"4,1"
1392103847.0,1392103847.0,1
1392103848.0,1392103848.0,"4,1"
1392103848.0,1392103848.0,1
1392103849.0,1392103849.0,"4,1"
1392103849.0,1392103849.0,1
1392103850.0,1392103850.0,"4,1"
1392103850.0,1392103850.0,1
1392103851.0,1392103851.0,"4,1"
1392103851.0,1392103851.0,1
1392103852.0,1392103852.0,"4,1"
1392103852.0,1392103852.0,1
1392103853.0,1392103853.0,"4,1"
1392103853.0,1392103853.0,1
1392103854.0,1392103854.0,"4,1"
1392103854.0,1392103854.0,1
1392103855.0,1392103855.0,"4,1"
1392103855.0,1392103855.0,1
1392103856.0,1392103856.0,"4,1"
1392103856.0,1392103856.0,1
1392103857.0,1392103857.0,"4,1"
1392103857.0,1392103857.0,1
1392103858.0,1392103858.0,"4,1"
1392103858.0,1392103858.0,1
1392103859.0,1392103859.0,"4,1"
1392103859.0,1392103859.0,1
1392103860.0,1392103860.0,"4,1"
1392103860.0,1392103860.0,1
1392103861.0,1392103861.0,"4,1"
1392103861.0,1392103861.0,1
1392103862.0,1392103862.0,"4,1"
1392103862.0,1392103862.0,1
1392103863.0,1392103863.0,"4,1"
1392103863.0,1392103863.0,1
1392103864.0,1392103864.0,"4,1"
1392103864.0,1392103864.0,1
1392103865.0,1392103865.0,"4,1"
1392103865.0,1392103865.0,1
1392103866.0,1392103866.0,"4,1"
1392103866.0,1392103866.0,1
1392103867.0,1392103867.0,"4,1"
1392103867.0,1392103867.0,1
1392103868.0,1392103868.0,"4,1"
1392103868.0,1392103868.0,1
1392103869.0,1392103869.0,"4,1"
1392103869.0,1392103869.0,1
1392103870.0,1392103870.0,"4,1"
1392103870.0,1392103870.0,1
1392103871.0,1392103871.0,"4,1"
1392103871.0,1392103871.0,1
1392103872.0,1392103872.0,"4,1"
1392103872.0,1392103872.0,1
1392103873.0,1392103873.0,"4,1"
1392103873.0,1392103873.0,1
1392103874.0,1392103874.0,"4,1"
1392103874.0,1392103874.0,1
1392103875.0,1392103875.0,"4,1"
1392103875.0,1392103875.0,1
1392103876.0,1392103876.0,"4,1"
1392103876.0,1392103876.0,1
1392103877.0,1392103877.0,"4,1"
1392103877.0,1392103877.0,1
1392103878.0,1392103878.0,"4,1"
1392103878.0,1392103878.0,1
1392103879.0,1392103879.0,"4,1"
1392103879.0,1392103879.0,1
1392103880.0,1392103880.0,"4,1"
1392103880.0,1392103880.0,1
1392103881.0,1392103881.0,"4,1"
1392103881.0,1392103881.0,1
1392103882.0,1392103882.0,"4,1"
1392103882.0,1392103882.0,1
1392103883.0,1392103883.0,"4,1"
1392103883.0,1392103883.0,1
1392103884.0,1392103884.0,"4,1"
1392103884.0,1392103884.0,1
1392103885.0,1392103885.0,"4,1"
1392103885.0,1392103885.0,1
1392103886.0,1392103886.0,"4,1"
1392103886.0,1392103886.0,1
1392103887.0,1392103887.0,"4,1"
1392103887.0,1392103887.0,1
1392103888.0,1392103888.0,"4,1"
1392103888.0,1392103888.0,1
1392103889.0,1392103889.0,"4,1"
1392103889.0,1392103889.0,1
1392103890.0,1392103890.0,"4,1"
1392103890.0,1392103890.0,1
1392103891.0,1392103891.0,"4,1"
1392103891.0,1392103891.0,1
1392103892.0,1392103892.0,"4,1"
1392103892.0,1392103892.0,1
1392103893.0,1392103893.0,"4,1"
1392103893.0,1392103893.0,1
1392103894.0,1392103894.0,"4,1"
1392103894.0,1392103894.0,1
1392103895.0,1392103895.0,"4,1"
1392103895.0,1392103895.0,1
1392103896.0,1392103896.0,"4,1"
1392103896.0,1392103896.0,1
1392103897.0,1392103897.0,"4,1"
1392103897.0,1392103897.0,1
1392103898.0,1392103898.0,"4,1"
1392103898.0,1392103898.0,1
1392103899.0,1392103899.0,"4,1"
1392103899.0,1392103899.0,1
1392103900.0,1392103900.0,"4,1"
1392103900.0,1392103900.0,1
1392103901.0,1392103901.0,"4,1"
1392103901.0,1392103901.0,1
1392103902.0,1392103902.0,"4,1"
1392103902.0,1392103902.0,1
1392103903.0,1392103903.0,"4,1"
1392103903.0,1392103903.0,1
1392103904.0,1392103904.0,"4,1"
1392103904.0,1392103904.0,1
1392103905.0,1392103905.0,"4,1"
1392103905.0,1392103905.0,1
1392103906.0,1392103906.0,"4,1"
1392103906.0,1392103906.0,1
1392103907.0,1392103907.0,"4,1"
1392103907.0,1392103907.0,1
1392103908.0,1392103908.0,"4,1"
1392103908.0,1392103908.0,1
1392103909.0,1392103909.0,"4,1"
1392103909.0,1392103909.0,1
1392103910.0,1392103910.0,"4,1"
1392103910.0,1392103910.0,1
1392103911.0,1392103911.0,"4,1"
1392103911.0,1392103911.0,1
1392103912.0,1392103912.0,"4,1"
1392103912.0,1392103912.0,1
1392103913.0,1392103913.0,"4,1"
1392103913.0,1392103913.0,1
1392103914.0,1392103914.0,"4,1"
1392103914.0,1392103914.0,1
1392103915.0,1392103915.0,"4,1"
1392103915.0,1392103915.0,1
1392103916.0,1392103916.0,"4,1"
1392103916.0,1392103916.0,1
1392103917.0,1392103917.0,"4,1"
1392103917.0,1392103917.0,1
1392103918.0,1392103918.0,"4,1"
1392103918.0,1392103918.0,1
1392103919.0,1392103919.0,"4,1"
1392103919.0,1392103919.0,1
1392103920.0,1392103920.0,"4,1"
1392103920.0,1392103920.0,1
1392103921.0,1392103921.0,"4,1"
1392103921.0,1392103921.0,1
1392103922.0,1392103922.0,"4,1"
1392103922.0,1392103922.0,1
1392103923.0,1392103923.0,"4,1"
1392103923.0,1392103923.0,1
1392103924.0,1392103924.0,"4,1"
1392103924.0,1392103924.0,1
1392103925.0,1392103925.0,"4,1"
1392103925.0,1392103925.0,1
1392103926.0,1392103926.0,"4,1"
1392103926.0,1392103926.0,1
1392103927.0,1392103927.0,"4,1"
1392103927.0,1392103927.0,1
1392103928.0,1392103928.0,"4,1"
1392103928.0,1392103928.0,1
1392103929.0,1392103929.0,"4,1"
1392103929.0,1392103929.0,1
1392103930.0,1392103930.0,"4,1"
1392103930.0,1392103930.0,1
1392103931.0,1392103931.0,"4,1"
1392103931.0,1392103931.0,1
1392103932.0,1392103932.0,"4,1"
1392103932.0,1392103932.0,1
1392103933.0,1392103933.0,"4,1"
1392103933.0,1392103933.0,1
1392103934.0,1392103934.0,"4,1"
1392103934.0,1392103934.0,1
1392103935.0,1392103935.0,"4,1"
1392103935.0,1392103935.0,1
1392103936.0,1392103936.0,"4,1"
1392103936.0,1392103936.0,1
1392103937.0,1392103937.0,"4,1"
1392103937.0,1392103937.0,1
1392103938.0,1392103938.0,"4,1"
1392103938.0,1392103938.0,1
1392103939.0,1392103939.0,"4,1"
1392103939.0,1392103939.0,1
1392103940.0,1392103940.0,"4,1"
1392103940.0,1392103940.0,1
1392103941.0,1392103941.0,"4,1"
1392103941.0,1392103941.0,1
1392103942.0,1392103942.0,"4,1"
1392103942.0,1392103942.0,1
1392103943.0,1392103943.0,"4,1"
1392103943.0,1392103943.0,1
1392103944.0,1392103944.0,"4,1"
1392103944.0,1392103944.0,1
1392103945.0,1392103945.0,"4,1"
1392103945.0,1392103945.0,1
1392103946.0,1392103946.0,"4,1"
1392103946.0,1392103946.0,1
1392103947.0,1392103947.0,"4,1"
1392103947.0,1392103947.0,1
1392103948.0,1392103948.0,"4,1"
1392103948.0,1392103948.0,1
1392103949.0,1392103949.0,"4,1"
1392103949.0,1392103949.0,1
1392103950.0,1392103950.0,"4,1"
1392103950.0,1392103950.0,1
1392103951.0,1392103951.0,"4,1"
1392103951.0,1392103951.0,1
1392103952.0,1392103952.0,"4,1"
1392103952.0,1392103952.0,1
1392103953.0,1392103953.0,"4,1"
1392103953.0,1392103953.0,1
1392103954.0,1392103954.0,"4,1"
1392103954.0,1392103954.0,1
1392103955.0,1392103955.0,"4,1"
1392103955.0,1392103955.0,1
1392103956.0,1392103956.0,"4,1"
1392103956.0,1392103956.0,1
1392103957.0,1392103957.0,"4,1"
1392103957.0,1392103957.0,1
1392103958.0,1392103958.0,"4,1"
1392103958.0,1392103958.0,1
1392103959.0,1392103959.0,"4,1"
1392103959.0,1392103959.0,1
1392103960.0,1392103960.0,"4,1"
1392103960.0,1392103960.0,1
1392103961.0,1392103961.0,"4,1"
1392103961.0,1392103961.0,1
1392103962.0,1392103962.0,"4,1"
1392103962.0,1392103962.0,1
1392103963.0,1392103963.0,"4,1"
1392103963.0,1392103963.0,1
1392103964.0,1392103964.0,"4,1"
1392103964.0,1392103964.0,1
1392103965.0,1392103965.0,"4,1"
1392103965.0,1392103965.0,1
1392103966.0,1392103966.0,"4,1"
1392103966.0,1392103966.0,1
1392103967.0,1392103967.0,"4,1"
1392103967.0,1392103967.0,1
1392103968.0,1392103968.0,"4,1"
1392103968.0,1392103968.0,1
1392103969.0,1392103969.0,"4,1"
1392103969.0,1392103969.0,1
1392103970.0,1392103970.0,"4,1"
1392103970.0,1392103970.0,1
1392103971.0,1392103971.0,"4,1"
1392103971.0,1392103971.0,1
1392103972.0,1392103972.0,"4,1"
1392103972.0,1392103972.0,1
1392103973.0,1392103973.0,"4,1"
1392103973.0,1392103973.0,1
1392103974.0,1392103974.0,"4,1"
1392103974.0,1392103974.0,1
1392103975.0,1392103975.0,"4,1"
1392103975.0,1392103975.0,1
1392103976.0,1392103976.0,"4,1"
1392103976.0,1392103976.0,1
1392103977.0,1392103977.0,"4,1"
1392103977.0,1392103977.0,1
1392103978.0,1392103978.0,"4,1"
1392103978.0,1392103978.0,1
1392103979.0,1392103979.0,"4,1"
1392103979.0,1392103979.0,1
1392103980.0,1392103980.0,"4,1"
1392103980.0,1392103980.0,1
1392103981.0,1392103981.0,"4,1"
1392103981.0,1392103981.0,1
1392103982.0,1392103982.0,"4,1"
1392103982.0,1392103982.0,1
1392103983.0,1392103983.0,"4,1"
1392103983.0,1392103983.0,1
1392103984.0,1392103984.0,"4,1"
1392103984.0,1392103984.0,1
1392103985.0,1392103985.0,"4,1"
1392103985.0,1392103985.0,1
1392103986.0,1392103986.0,"4,1"
1392103986.0,1392103986.0,1
1392103987.0,1392103987.0,"4,1"
1392103987.0,1392103987.0,1
1392103988.0,1392103988.0,"4,1"
1392103988.0,1392103988.0,1
1392103989.0,1392103989.0,"4,1"
1392103989.0,1392103989.0,1
1392103990.0,1392103990.0,"4,1"
1392103990.0,1392103990.0,1
1392103991.0,1392103991.0,"4,1"
1392103991.0,1392103991.0,1
1392103992.0,1392103992.0,"4,1"
1392103992.0,1392103992.0,1
1392103993.0,1392103993.0,"4,1"
1392103993.0,1392103993.0,1
1392103994.0,1392103994.0,"4,1"
1392103994.0,1392103994.0,1
1392103995.0,1392103995.0,"4,1"
1392103995.0,1392103995.0,1
1392103996.0,1392103996.0,"4,1"
1392103996.0,1392103996.0,1
1392103997.0,1392103997.0,"4,1"
1392103997.0,1392103997.0,1
1392103998.0,1392103998.0,"4,1"
1392103998.0,1392103998.0,1
1392103999.0,1392103999.0,"4,1"
1392103999.0,1392103999.0,1
1392104000.0,1392104000.0,"4,1"
1392104000.0,1392104000.0,1
1392104001.0,1392104001.0,"4,1"
1392104001.0,1392104001.0,1
1392104002.0,1392104002.0,"4,1"
1392104002.0,1392104002.0,1
1392104003.0,1392104003.0,"4,1"
1392104003.0,1392104003.0,1
1392104004.0,1392104004.0,"4,1"
1392104004.0,1392104004.0,1
1392104005.0,1392104005.0,"4,1"
1392104005.0,1392104005.0,1
1392104006.0,1392104006.0,"4,1"
1392104006.0,1392104006.0,1
1392104007.0,1392104007.0,"4,1"
1392104007.0,1392104007.0,1
1392104008.0,1392104008.0,"4,1"
1392104008.0,1392104008.0,1
1392104009.0,1392104009.0,"4,1"
1392104009.0,1392104009.0,1
1392104010.0,1392104010.0,"4,1"
1392104010.0,1392104010.0,1
1392104011.0,1392104011.0,"4,1"
1392104011.0,1392104011.0,1
1392104012.0,1392104012.0,"4,1"
1392104012.0,1392104012.0,1
1392104013.0,1392104013.0,"4,1"
1392104013.0,1392104013.0,1
1392104014.0,1392104014.0,"4,1"
1392104014.0,1392104014.0,1
1392104015.0,1392104015.0,"4,1"
1392104015.0,1392104015.0,1
1392104016.0,1392104016.0,"4,1"
1392104016.0,1392104016.0,1
1392104017.0,1392104017.0,"4,1"
1392104017.0,1392104017.0,1
1392104018.0,1392104018.0,"4,1"
1392104018.0,1392104018.0,1
1392104019.0,1392104019.0,"4,1"
1392104019.0,1392104019.0,1
1392104020.0,1392104020.0,"4,1"
1392104020.0,1392104020.0,1
1392104021.0,1392104021.0,"4,1"
1392104021.0,1392104021.0,1
1392104022.0,1392104022.0,"4,1"
1392104022.0,1392104022.0,1
1392104023.0,1392104023.0,"4,1"
1392104023.0,1392104023.0,1
1392104024.0,1392104024.0,"4,1"
1392104024.0,1392104024.0,1
1392104025.0,1392104025.0,"4,1"
1392104025.0,1392104025.0,1
1392104026.0,1392104026.0,"4,1"
1392104026.0,1392104026.0,1
1392104027.0,1392104027.0,"4,1"
1392104027.0,1392104027.0,1
1392104028.0,1392104028.0,"4,1"
1392104028.0,1392104028.0,1
1392104029.0,1392104029.0,"4,1"
1392104029.0,1392104029.0,1
1392104030.0,1392104030.0,"4,1"
1392104030.0,1392104030.0,1
1392104031.0,1392104031.0,"4,1"
1392104031.0,1392104031.0,1
1392104032.0,1392104032.0,"4,1"
1392104032.0,1392104032.0,1
1392104033.0,1392104033.0,"4,1"
1392104033.0,1392104033.0,1
1392104034.0,1392104034.0,"4,1"
1392104034.0,1392104034.0,1
1392104035.0,1392104035.0,"4,1"
1392104035.0,1392104035.0,1
1392104036.0,1392104036.0,"4,1"
1392104036.0,1392104036.0,1
1392104037.0,1392104037.0,"4,1"
1392104037.0,1392104037.0,1
1392104038.0,1392104038.0,"4,1"
1392104038.0,1392104038.0,1
1392104039.0,1392104039.0,"4,1"
1392104039.0,1392104039.0,1
1392104040.0,1392104040.0,"4,1"
1392104040.0,1392104040.0,1
1392104041.0,1392104041.0,"4,1"
1392104041.0,1392104041.0,1
1392104042.0,1392104042.0,"4,1"
1392104042.0,1392104042.0,1
1392104043.0,1392104043.0,"4,1"
1392104043.0,1392104043.0,1
1392104044.0,1392104044.0,"4,1"
1392104044.0,1392104044.0,1
1392104045.0,1392104045.0,"4,1"
1392104045.0,1392104045.0,1
1392104046.0,1392104046.0,"4,1"
1392104046.0,1392104046.0,1
1392104047.0,1392104047.0,"4,1"
1392104047.0,1392104047.0,1
1392104048.0,1392104048.0,"4,1"
1392104048.0,1392104048.0,1
1392104049.0,1392104049.0,"4,1"
1392104049.0,1392104049.0,1
1392104050.0,1392104050.0,"4,1"
1392104050.0,1392104050.0,1
1392104051.0,1392104051.0,"4,1"
1392104051.0,1392104051.0,1
1392104052.0,1392104052.0,"4,1"
1392104052.0,1392104052.0,1
1392104053.0,1392104053.0,"4,1"
1392104053.0,1392104053.0,1
1392104054.0,1392104054.0,"4,1"
1392104054.0,1392104054.0,1
1392104055.0,1392104055.0,"4,1"
1392104055.0,1392104055.0,1
1392104056.0,1392104056.0,"4,1"
1392104056.0,1392104056.0,1
1392104057.0,1392104057.0,"4,1"
1392104057.0,1392104057.0,1
1392104058.0,1392104058.0,"4,1"
1392104058.0,1392104058.0,1
1392104059.0,1392104059.0,"4,1"
1392104059.0,1392104059.0,1
1392104060.0,1392104060.0,"4,1"
1392104060.0,1392104060.0,1
1392104061.0,1392104061.0,"4,1"
1392104061.0,1392104061.0,1
1392104062.0,1392104062.0,"4,1"
1392104062.0,1392104062.0,1
1392104063.0,1392104063.0,"4,1"
1392104063.0,1392104063.0,1
1392104064.0,1392104064.0,"4,1"
1392104064.0,1392104064.0,1
1392104065.0,1392104065.0,"4,1"
1392104065.0,1392104065.0,1
1392104066.0,1392104066.0,"4,1"
1392104066.0,1392104066.0,1
1392104067.0,1392104067.0,"4,1"
1392104067.0,1392104067.0,1
1392104068.0,1392104068.0,"4,1"
1392104068.0,1392104068.0,1
1392104069.0,1392104069.0,"4,1"
1392104069.0,1392104069.0,1
1392104070.0,1392104070.0,"4,1"
1392104070.0,1392104070.0,1
1392104071.0,1392104071.0,"4,1"
1392104071.0,1392104071.0,1
1392104072.0,1392104072.0,"4,1"
1392104072.0,1392104072.0,1
1392104073.0,1392104073.0,"4,1"
1392104073.0,1392104073.0,1
1392104074.0,1392104074.0,"4,1"
1392104074.0,1392104074.0,1
1392104075.0,1392104075.0,"4,1"
1392104075.0,1392104075.0,1
1392104076.0,1392104076.0,"4,1"
1392104076.0,1392104076.0,1
1392104077.0,1392104077.0,"4,1"
1392104077.0,1392104077.0,1
1392104078.0,1392104078.0,"4,1"
1392104078.0,1392104078.0,1
1392104079.0,1392104079.0,"4,1"
1392104079.0,1392104079.0,1
1392104080.0,1392104080.0,"4,1"
1392104080.0,1392104080.0,1
1392104081.0,1392104081.0,"4,1"
1392104081.0,1392104081.0,1
1392104082.0,1392104082.0,"4,1"
1392104082.0,1392104082.0,1
1392104083.0,1392104083.0,"4,1"
1392104083.0,1392104083.0,1
1392104084.0,1392104084.0,"4,1"
1392104084.0,1392104084.0,1
1392104085.0,1392104085.0,"4,1"
1392104085.0,1392104085.0,1
1392104086.0,1392104086.0,"4,1"
1392104086.0,1392104086.0,1
1392104087.0,1392104087.0,"4,1"
1392104087.0,1392104087.0,1
1392104088.0,1392104088.0,"4,1"
1392104088.0,1392104088.0,1
1392104089.0,1392104089.0,"4,1"
1392104089.0,1392104089.0,1
1392104090.0,1392104090.0,"4,1"
1392104090.0,1392104090.0,1
1392104091.0,1392104091.0,"4,1"
1392104091.0,1392104091.0,1
1392104092.0,1392104092.0,"4,1"
1392104092.0,1392104092.0,1
1392104093.0,1392104093.0,"4,1"
1392104093.0,1392104093.0,1
1392104094.0,1392104094.0,"4,1"
1392104094.0,1392104094.0,1
1392104095.0,1392104095.0,"4,1"
1392104095.0,1392104095.0,1
1392104096.0,1392104096.0,"4,1"
1392104096.0,1392104096.0,1
1392104097.0,1392104097.0,"4,1"
1392104097.0,1392104097.0,1
1392104098.0,1392104098.0,"4,1"
1392104098.0,1392104098.0,1
1392104099.0,1392104099.0,"4,1"
1392104099.0,1392104099.0,1
1392104100.0,1392104100.0,"4,1"
1392104100.0,1392104100.0,1
1392104101.0,1392104101.0,"4,1"
1392104101.0,1392104101.0,1
1392104102.0,1392104102.0,"4,1"
1392104102.0,1392104102.0,1
1392104103.0,1392104103.0,"4,1"
1392104103.0,1392104103.0,1
1392104104.0,1392104104.0,"4,1"
1392104104.0,1392104104.0,1
1392104105.0,1392104105.0,"4,1"
1392104105.0,1392104105.0,1
1392104106.0,1392104106.0,"4,1"
1392104106.0,1392104106.0,1
1392104107.0,1392104107.0,"4,1"
1392104107.0,1392104107.0,1
1392104108.0,1392104108.0,"4,1"
1392104108.0,1392104108.0,1
1392104109.0,1392104109.0,"4,1"
1392104109.0,1392104109.0,1
1392104110.0,1392104110.0,"4,1"
1392104110.0,1392104110.0,1
1392104111.0,1392104111.0,"4,1"
1392104111.0,1392104111.0,1
1392104112.0,1392104112.0,"4,1"
1392104112.0,1392104112.0,1
1392104113.0,1392104113.0,"4,1"
1392104113.0,1392104113.0,1
1392104114.0,1392104114.0,"4,1"
1392104114.0,1392104114.0,1
1392104115.0,1392104115.0,"4,1"
1392104115.0,1392104115.0,1
1392104116.0,1392104116.0,"4,1"
1392104116.0,1392104116.0,1
1392104117.0,1392104117.0,"4,1"
1392104117.0,1392104117.0,1
1392104118.0,1392104118.0,"4,1"
1392104118.0,1392104118.0,1
1392104119.0,1392104119.0,"4,1"
1392104119.0,1392104119.0,1
1392104120.0,1392104120.0,"4,1"
1392104120.0,1392104120.0,1
1392104121.0,1392104121.0,"4,1"
1392104121.0,1392104121.0,1
1392104122.0,1392104122.0,"4,1"
1392104122.0,1392104122.0,1
1392104123.0,1392104123.0,"4,1"
1392104123.0,1392104123.0,1
1392104124.0,1392104124.0,"4,1"
1392104124.0,1392104124.0,1
1392104125.0,1392104125.0,"4,1"
1392104125.0,1392104125.0,1
1392104126.0,1392104126.0,"4,1"
1392104126.0,1392104126.0,1
1392104127.0,1392104127.0,"4,1"
1392104127.0,1392104127.0,1
1392104128.0,1392104128.0,"4,1"
1392104128.0,1392104128.0,1
1392104129.0,1392104129.0,"4,1"
1392104129.0,1392104129.0,1
1392104130.0,1392104130.0,"4,1"
1392104130.0,1392104130.0,1
1392104131.0,1392104131.0,"4,1"
1392104131.0,1392104131.0,1
1392104132.0,1392104132.0,"4,1"
1392104132.0,1392104132.0,1
1392104133.0,1392104133.0,"4,1"
1392104133.0,1392104133.0,1
1392104134.0,1392104134.0,"4,1"
1392104134.0,1392104134.0,1
1392104135.0,1392104135.0,"4,1"
1392104135.0,1392104135.0,1
1392104136.0,1392104136.0,"4,1"
1392104136.0,1392104136.0,1
1392104137.0,1392104137.0,"4,1"
1392104137.0,1392104137.0,1
1392104138.0,1392104138.0,"4,1"
1392104138.0,1392104138.0,1
1392104139.0,1392104139.0,"4,1"
1392104139.0,1392104139.0,1
1392104140.0,1392104140.0,"4,1"
1392104140.0,1392104140.0,1
1392104141.0,1392104141.0,"4,1"
1392104141.0,1392104141.0,1
1392104142.0,1392104142.0,"4,1"
1392104142.0,1392104142.0,1
1392104143.0,1392104143.0,"4,1"
1392104143.0,1392104143.0,1
1392104144.0,1392104144.0,"4,1"
1392104144.0,1392104144.0,1
1392104145.0,1392104145.0,"4,1"
1392104145.0,1392104145.0,1
1392104146.0,1392104146.0,"4,1"
1392104146.0,1392104146.0,1
1392104147.0,1392104147.0,"4,1"
1392104147.0,1392104147.0,1
1392104148.0,1392104148.0,"4,1"
1392104148.0,1392104148.0,1
1392104149.0,1392104149.0,"4,1"
1392104149.0,1392104149.0,1
1392104150.0,1392104150.0,"4,1"
1392104150.0,1392104150.0,1
1392104151.0,1392104151.0,"4,1"
1392104151.0,1392104151.0,1
1392104152.0,1392104152.0,"4,1"
1392104152.0,1392104152.0,1
1392104153.0,1392104153.0,"4,1"
1392104153.0,1392104153.0,1
1392104154.0,1392104154.0,"4,1"
1392104154.0,1392104154.0,1
1392104155.0,1392104155.0,"4,1"
1392104155.0,1392104155.0,1
1392104156.0,1392104156.0,"4,1"
1392104156.0,1392104156.0,1
1392104157.0,1392104157.0,"4,1"
1392104157.0,1392104157.0,1
1392104158.0,1392104158.0,"4,1"
1392104158.0,1392104158.0,1
1392104159.0,1392104159.0,"4,1"
1392104159.0,1392104159.0,1
1392104160.0,1392104160.0,"4,1"
1392104160.0,1392104160.0,1
1392104161.0,1392104161.0,"4,1"
1392104161.0,1392104161.0,1
1392104162.0,1392104162.0,"4,1"
1392104162.0,1392104162.0,1
1392104163.0,1392104163.0,"4,1"
1392104163.0,1392104163.0,1
1392104164.0,1392104164.0,"4,1"
1392104164.0,1392104164.0,1
1392104165.0,1392104165.0,"4,1"
1392104165.0,1392104165.0,1
1392104166.0,1392104166.0,"4,1"
1392104166.0,1392104166.0,1
1392104167.0,1392104167.0,"4,1"
1392104167.0,1392104167.0,1
1392104168.0,1392104168.0,"4,1"
1392104168.0,1392104168.0,1
1392104169.0,1392104169.0,"4,1"
1392104169.0,1392104169.0,1
1392104170.0,1392104170.0,"4,1"
1392104170.0,1392104170.0,1
1392104171.0,1392104171.0,"4,1"
1392104171.0,1392104171.0,1
1392104172.0,1392104172.0,"4,1"
1392104172.0,1392104172.0,1
1392104173.0,1392104173.0,"4,1"
1392104173.0,1392104173.0,1
1392104174.0,1392104174.0,"4,1"
1392104174.0,1392104174.0,1
1392104175.0,1392104175.0,"4,1"
1392104175.0,1392104175.0,1
1392104176.0,1392104176.0,"4,1"
1392104176.0,1392104176.0,1
1392104177.0,1392104177.0,"4,1"
1392104177.0,1392104177.0,1
1392104178.0,1392104178.0,"4,1"
1392104178.0,1392104178.0,1
1392104179.0,1392104179.0,"4,1"
1392104179.0,1392104179.0,1
1392104180.0,1392104180.0,"4,1"
1392104180.0,1392104180.0,1
1392104181.0,1392104181.0,"4,1"
1392104181.0,1392104181.0,1
1392104182.0,1392104182.0,"4,1"
1392104182.0,1392104182.0,1
1392104183.0,1392104183.0,"4,1"
1392104183.0,1392104183.0,1
1392104184.0,1392104184.0,"4,1"
1392104184.0,1392104184.0,1
1392104185.0,1392104185.0,"4,1"
1392104185.0,1392104185.0,1
1392104186.0,1392104186.0,"4,1"
1392104186.0,1392104186.0,1
1392104187.0,1392104187.0,"4,1"
1392104187.0,1392104187.0,1
1392104188.0,1392104188.0,"4,1"
1392104188.0,1392104188.0,1
1392104189.0,1392104189.0,"4,1"
1392104189.0,1392104189.0,1
1392104190.0,1392104190.0,"4,1"
1392104190.0,1392104190.0,1
1392104191.0,1392104191.0,"4,1"
1392104191.0,1392104191.0,1
1392104192.0,1392104192.0,"4,1"
1392104192.0,1392104192.0,1
1392104193.0,1392104193.0,"4,1"
1392104193.0,1392104193.0,1
1392104194.0,1392104194.0,"4,1"
1392104194.0,1392104194.0,1
1392104195.0,1392104195.0,"4,1"
1392104195.0,1392104195.0,1
1392104196.0,1392104196.0,"4,1"
1392104196.0,1392104196.0,1
1392104197.0,1392104197.0,"4,1"
1392104197.0,1392104197.0,1
1392104198.0,1392104198.0,"4,1"
1392104198.0,1392104198.0,1
1392104199.0,1392104199.0,"4,1"
1392104199.0,1392104199.0,1
1392104200.0,1392104200.0,"4,1"
1392104200.0,1392104200.0,1
1392104201.0,1392104201.0,"4,1"
1392104201.0,1392104201.0,1
1392104202.0,1392104202.0,"4,1"
1392104202.0,1392104202.0,1
1392104203.0,1392104203.0,"4,1"
1392104203.0,1392104203.0,1
1392104204.0,1392104204.0,"4,1"
1392104204.0,1392104204.0,1
1392104205.0,1392104205.0,"4,1"
1392104205.0,1392104205.0,1
1392104206.0,1392104206.0,"4,1"
1392104206.0,1392104206.0,1
1392104207.0,1392104207.0,"4,1"
1392104207.0,1392104207.0,1
1392104208.0,1392104208.0,"4,1"
1392104208.0,1392104208.0,1
1392104209.0,1392104209.0,"4,1"
1392104209.0,1392104209.0,1
1392104210.0,1392104210.0,"4,1"
1392104210.0,1392104210.0,1
1392104211.0,1392104211.0,"4,1"
1392104211.0,1392104211.0,1
1392104212.0,1392104212.0,"4,1"
1392104212.0,1392104212.0,1
1392104213.0,1392104213.0,"4,1"
1392104213.0,1392104213.0,1
1392104214.0,1392104214.0,"4,1"
1392104214.0,1392104214.0,1
1392104215.0,1392104215.0,"4,1"
1392104215.0,1392104215.0,1
1392104216.0,1392104216.0,"4,1"
1392104216.0,1392104216.0,1
1392104217.0,1392104217.0,"4,1"
1392104217.0,1392104217.0,1
1392104218.0,1392104218.0,"4,1"
1392104218.0,1392104218.0,1
1392104219.0,1392104219.0,"4,1"
1392104219.0,1392104219.0,1
1392104220.0,1392104220.0,"4,1"
1392104220.0,1392104220.0,1
1392104221.0,1392104221.0,"4,1"
1392104221.0,1392104221.0,1
1392104222.0,1392104222.0,"4,1"
1392104222.0,1392104222.0,1
1392104223.0,1392104223.0,"4,1"
1392104223.0,1392104223.0,1
1392104224.0,1392104224.0,"4,1"
1392104224.0,1392104224.0,1
1392104225.0,1392104225.0,"4,1"
1392104225.0,1392104225.0,1
1392104226.0,1392104226.0,"4,1"
1392104226.0,1392104226.0,1
1392104227.0,1392104227.0,"4,1"
1392104227.0,1392104227.0,1
1392104228.0,1392104228.0,"4,1"
1392104228.0,1392104228.0,1
1392104229.0,1392104229.0,"4,1"
1392104229.0,1392104229.0,1
1392104230.0,1392104230.0,"4,1"
1392104230.0,1392104230.0,1
1392104231.0,1392104231.0,"4,1"
1392104231.0,1392104231.0,1
1392104232.0,1392104232.0,"4,1"
1392104232.0,1392104232.0,1
1392104233.0,1392104233.0,"4,1"
1392104233.0,1392104233.0,1
1392104234.0,1392104234.0,"4,1"
1392104234.0,1392104234.0,1
1392104235.0,1392104235.0,"4,1"
1392104235.0,1392104235.0,1
1392104236.0,1392104236.0,"4,1"
1392104236.0,1392104236.0,1
1392104237.0,1392104237.0,"4,1"
1392104237.0,1392104237.0,1
1392104238.0,1392104238.0,"4,1"
1392104238.0,1392104238.0,1
1392104239.0,1392104239.0,"4,1"
1392104239.0,1392104239.0,1
1392104240.0,1392104240.0,"4,1"
1392104240.0,1392104240.0,1
1392104241.0,1392104241.0,"4,1"
1392104241.0,1392104241.0,1
1392104242.0,1392104242.0,"4,1"
1392104242.0,1392104242.0,1
1392104243.0,1392104243.0,"4,1"
1392104243.0,1392104243.0,1
1392104244.0,1392104244.0,"4,1"
1392104244.0,1392104244.0,1
1392104245.0,1392104245.0,"4,1"
1392104245.0,1392104245.0,1
1392104246.0,1392104246.0,"4,1"
1392104246.0,1392104246.0,1
1392104247.0,1392104247.0,"4,1"
1392104247.0,1392104247.0,1
1392104248.0,1392104248.0,"4,1"
1392104248.0,1392104248.0,1
1392104249.0,1392104249.0,"4,1"
1392104249.0,1392104249.0,1
1392104250.0,1392104250.0,"4,1"
1392104250.0,1392104250.0,1
1392104251.0,1392104251.0,"4,1"
1392104251.0,1392104251.0,1
1392104252.0,1392104252.0,"4,1"
1392104252.0,1392104252.0,1
1392104253.0,1392104253.0,"4,1"
1392104253.0,1392104253.0,1
1392104254.0,1392104254.0,"4,1"
1392104254.0,1392104254.0,1
1392104255.0,1392104255.0,"4,1"
1392104255.0,1392104255.0,1
1392104256.0,1392104256.0,"4,1"
1392104256.0,1392104256.0,1
1392104257.0,1392104257.0,"4,1"
1392104257.0,1392104257.0,1
1392104258.0,1392104258.0,"4,1"
1392104258.0,1392104258.0,1
1392104259.0,1392104259.0,"4,1"
1392104259.0,1392104259.0,1
1392104260.0,1392104260.0,"4,1"
1392104260.0,1392104260.0,1
1392104261.0,1392104261.0,"4,1"
1392104261.0,1392104261.0,1
1392104262.0,1392104262.0,"4,1"
1392104262.0,1392104262.0,1
1392104263.0,1392104263.0,"4,1"
1392104263.0,1392104263.0,1
1392104264.0,1392104264.0,"4,1"
1392104264.0,1392104264.0,1
1392104265.0,1392104265.0,"4,1"
1392104265.0,1392104265.0,1
1392104266.0,1392104266.0,"4,1"
1392104266.0,1392104266.0,1
1392104267.0,1392104267.0,"4,1"
1392104267.0,1392104267.0,1
1392104268.0,1392104268.0,"4,1"
1392104268.0,1392104268.0,1
1392104269.0,1392104269.0,"4,1"
1392104269.0,1392104269.0,1
1392104270.0,1392104270.0,"4,1"
1392104270.0,1392104270.0,1
1392104271.0,1392104271.0,"4,1"
1392104271.0,1392104271.0,1
1392104272.0,1392104272.0,"4,1"
1392104272.0,1392104272.0,1
1392104273.0,1392104273.0,"4,1"
1392104273.0,1392104273.0,1
1392104274.0,1392104274.0,"4,1"
1392104274.0,1392104274.0,1
1392104275.0,1392104275.0,"4,1"
1392104275.0,1392104275.0,1
1392104276.0,1392104276.0,"4,1"
1392104276.0,1392104276.0,1
1392104277.0,1392104277.0,"4,1"
1392104277.0,1392104277.0,1
1392104278.0,1392104278.0,"4,1"
1392104278.0,1392104278.0,1
1392104279.0,1392104279.0,"4,1"
1392104279.0,1392104279.0,1
1392104280.0,1392104280.0,"4,1"
1392104280.0,1392104280.0,1
1392104281.0,1392104281.0,"4,1"
1392104281.0,1392104281.0,1
1392104282.0,1392104282.0,"4,1"
1392104282.0,1392104282.0,1
1392104283.0,1392104283.0,"4,1"
1392104283.0,1392104283.0,1
1392104284.0,1392104284.0,"4,1"
1392104284.0,1392104284.0,1
1392104285.0,1392104285.0,"4,1"
1392104285.0,1392104285.0,1
1392104286.0,1392104286.0,"4,1"
1392104286.0,1392104286.0,1
1392104287.0,1392104287.0,"4,1"
1392104287.0,1392104287.0,1
1392104288.0,1392104288.0,"4,1"
1392104288.0,1392104288.0,1
1392104289.0,1392104289.0,"4,1"
1392104289.0,1392104289.0,1
1392104290.0,1392104290.0,"4,1"
1392104290.0,1392104290.0,1
1392104291.0,1392104291.0,"4,1"
1392104291.0,1392104291.0,1
1392104292.0,1392104292.0,"4,1"
1392104292.0,1392104292.0,1
1392104293.0,1392104293.0,"4,1"
1392104293.0,1392104293.0,1
1392104294.0,1392104294.0,"4,1"
1392104294.0,1392104294.0,1
1392104295.0,1392104295.0,"4,1"
1392104295.0,1392104295.0,1
1392104296.0,1392104296.0,"4,1"
1392104296.0,1392104296.0,1
1392104297.0,1392104297.0,"4,1"
1392104297.0,1392104297.0,1
1392104298.0,1392104298.0,"4,1"
1392104298.0,1392104298.0,1
1392104299.0,1392104299.0,"4,1"
1392104299.0,1392104299.0,1
1392104300.0,1392104300.0,"4,1"
1392104300.0,1392104300.0,1
1392104301.0,1392104301.0,"4,1"
1392104301.0,1392104301.0,1
1392104302.0,1392104302.0,"4,1"
1392104302.0,1392104302.0,1
1392104303.0,1392104303.0,"4,1"
1392104303.0,1392104303.0,1
1392104304.0,1392104304.0,"4,1"
1392104304.0,1392104304.0,1
1392104305.0,1392104305.0,"4,1"
1392104305.0,1392104305.0,1
1392104306.0,1392104306.0,"4,1"
1392104306.0,1392104306.0,1
1392104307.0,1392104307.0,"4,1"
1392104307.0,1392104307.0,1
1392104308.0,1392104308.0,"4,1"
1392104308.0,1392104308.0,1
1392104309.0,1392104309.0,"4,1"
1392104309.0,1392104309.0,1
1392104310.0,1392104310.0,"4,1"
1392104310.0,1392104310.0,1
1392104311.0,1392104311.0,"4,1"
1392104311.0,1392104311.0,1
1392104312.0,1392104312.0,"4,1"
1392104312.0,1392104312.0,1
1392104313.0,1392104313.0,"4,1"
1392104313.0,1392104313.0,1
1392104314.0,1392104314.0,"4,1"
1392104314.0,1392104314.0,1
1392104315.0,1392104315.0,"4,1"
1392104315.0,1392104315.0,1
1392104316.0,1392104316.0,"4,1"
1392104316.0,1392104316.0,1
1392104317.0,1392104317.0,"4,1"
1392104317.0,1392104317.0,1
1392104318.0,1392104318.0,"4,1"
1392104318.0,1392104318.0,1
1392104319.0,1392104319.0,"4,1"
1392104319.0,1392104319.0,1
1392104320.0,1392104320.0,"4,3,1"
1392104320.0,1392104320.0,"4,1"
1392104320.0,1392104320.0,"3,1"
1392104320.0,1392104320.0,1
1392104321.0,1392104321.0,"4,3,1"
1392104321.0,1392104321.0,"4,1"
1392104321.0,1392104321.0,"3,1"
1392104321.0,1392104321.0,1
1392104322.0,1392104322.0,"4,3,1"
1392104322.0,1392104322.0,"4,1"
1392104322.0,1392104322.0,"3,1"
1392104322.0,1392104322.0,1
1392104323.0,1392104323.0,"4,3,1"
1392104323.0,1392104323.0,"4,1"
1392104323.0,1392104323.0,"3,1"
1392104323.0,1392104323.0,1
1392104324.0,1392104324.0,"4,3,1"
1392104324.0,1392104324.0,"4,1"
1392104324.0,1392104324.0,"3,1"
1392104324.0,1392104324.0,1
1392104325.0,1392104325.0,"4,3,1"
1392104325.0,1392104325.0,"4,1"
1392104325.0,1392104325.0,"3,1"
1392104325.0,1392104325.0,1
1392104326.0,1392104326.0,"4,3,1"
1392104326.0,1392104326.0,"4,1"
1392104326.0,1392104326.0,"3,1"
1392104326.0,1392104326.0,1
1392104327.0,1392104327.0,"4,3,1"
1392104327.0,1392104327.0,"4,1"
1392104327.0,1392104327.0,"3,1"
1392104327.0,1392104327.0,1
1392104328.0,1392104328.0,"4,3,1"
1392104328.0,1392104328.0,"4,1"
1392104328.0,1392104328.0,"3,1"
1392104328.0,1392104328.0,1
1392104329.0,1392104329.0,"4,3,1"
1392104329.0,1392104329.0,"4,1"
1392104329.0,1392104329.0,"3,1"
1392104329.0,1392104329.0,1
1392104330.0,1392104330.0,"4,3,1"
1392104330.0,1392104330.0,"4,1"
1392104330.0,1392104330.0,"3,1"
1392104330.0,1392104330.0,1
1392104331.0,1392104331.0,"4,3,1"
1392104331.0,1392104331.0,"4,1"
1392104331.0,1392104331.0,"3,1"
1392104331.0,1392104331.0,1
1392104332.0,1392104332.0,"4,3,1"
1392104332.0,1392104332.0,"4,1"
1392104332.0,1392104332.0,"3,1"
1392104332.0,1392104332.0,1
1392104333.0,1392104333.0,"4,3,1"
1392104333.0,1392104333.0,"4,1"
1392104333.0,1392104333.0,"3,1"
1392104333.0,1392104333.0,1
1392104334.0,1392104334.0,"4,3,1"
1392104334.0,1392104334.0,"4,1"
1392104334.0,1392104334.0,"3,1"
1392104334.0,1392104334.0,1
1392104335.0,1392104335.0,"4,3,1"
1392104335.0,1392104335.0,"4,1"
1392104335.0,1392104335.0,"3,1"
1392104335.0,1392104335.0,1
1392104336.0,1392104336.0,"4,3,1"
1392104336.0,1392104336.0,"4,1"
1392104336.0,1392104336.0,"3,1"
1392104336.0,1392104336.0,1
1392104337.0,1392104337.0,"4,3,1"
1392104337.0,1392104337.0,"4,1"
1392104337.0,1392104337.0,"3,1"
1392104337.0,1392104337.0,1
1392104338.0,1392104338.0,"4,3,1"
1392104338.0,1392104338.0,"4,1"
1392104338.0,1392104338.0,"3,1"
1392104338.0,1392104338.0,1
1392104339.0,1392104339.0,"4,3,1"
1392104339.0,1392104339.0,"4,1"
1392104339.0,1392104339.0,"3,1"
1392104339.0,1392104339.0,1
1392104340.0,1392104340.0,"4,3,1"
1392104340.0,1392104340.0,"4,1"
1392104340.0,1392104340.0,"3,1"
1392104340.0,1392104340.0,1
1392104341.0,1392104341.0,"4,3,1"
1392104341.0,1392104341.0,"4,1"
1392104341.0,1392104341.0,"3,1"
1392104341.0,1392104341.0,1
1392104342.0,1392104342.0,"4,3,1"
1392104342.0,1392104342.0,"4,1"
1392104342.0,1392104342.0,"3,1"
1392104342.0,1392104342.0,1
1392104343.0,1392104343.0,"4,3,1"
1392104343.0,1392104343.0,"4,1"
1392104343.0,1392104343.0,"3,1"
1392104343.0,1392104343.0,1
1392104344.0,1392104344.0,"4,3,1"
1392104344.0,1392104344.0,"4,1"
1392104344.0,1392104344.0,"3,1"
1392104344.0,1392104344.0,1
1392104345.0,1392104345.0,"4,3,1"
1392104345.0,1392104345.0,"4,1"
1392104345.0,1392104345.0,"3,1"
1392104345.0,1392104345.0,1
1392104346.0,1392104346.0,"4,3,1"
1392104346.0,1392104346.0,"4,1"
1392104346.0,1392104346.0,"3,1"
1392104346.0,1392104346.0,1
1392104347.0,1392104347.0,"4,3,1"
1392104347.0,1392104347.0,"4,1"
1392104347.0,1392104347.0,"3,1"
1392104347.0,1392104347.0,1
1392104348.0,1392104348.0,"4,3,1"
1392104348.0,1392104348.0,"4,1"
1392104348.0,1392104348.0,"3,1"
1392104348.0,1392104348.0,1
1392104349.0,1392104349.0,"4,3,1"
1392104349.0,1392104349.0,"4,1"
1392104349.0,1392104349.0,"3,1"
1392104349.0,1392104349.0,1
1392104350.0,1392104350.0,"4,3,1"
1392104350.0,1392104350.0,"4,1"
1392104350.0,1392104350.0,"3,1"
1392104350.0,1392104350.0,1
1392104351.0,1392104351.0,"4,3,1"
1392104351.0,1392104351.0,"4,1"
1392104351.0,1392104351.0,"3,1"
1392104351.0,1392104351.0,1
1392104352.0,1392104352.0,"4,3,1"
1392104352.0,1392104352.0,"4,1"
1392104352.0,1392104352.0,"3,1"
1392104352.0,1392104352.0,1
1392104353.0,1392104353.0,"4,3,1"
1392104353.0,1392104353.0,"4,1"
1392104353.0,1392104353.0,"3,1"
1392104353.0,1392104353.0,1
1392104354.0,1392104354.0,"4,3,1"
1392104354.0,1392104354.0,"4,1"
1392104354.0,1392104354.0,"3,1"
1392104354.0,1392104354.0,1
1392104355.0,1392104355.0,"4,3,1"
1392104355.0,1392104355.0,"4,1"
1392104355.0,1392104355.0,"3,1"
1392104355.0,1392104355.0,1
1392104356.0,1392104356.0,"4,3,1"
1392104356.0,1392104356.0,"4,1"
1392104356.0,1392104356.0,"3,1"
1392104356.0,1392104356.0,1
1392104357.0,1392104357.0,"4,3,1"
1392104357.0,1392104357.0,"4,1"
1392104357.0,1392104357.0,"3,1"
1392104357.0,1392104357.0,1
1392104358.0,1392104358.0,"4,3,1"
1392104358.0,1392104358.0,"4,1"
1392104358.0,1392104358.0,"3,1"
1392104358.0,1392104358.0,1
1392104359.0,1392104359.0,"4,3,1"
1392104359.0,1392104359.0,"4,1"
1392104359.0,1392104359.0,"3,1"
1392104359.0,1392104359.0,1
1392104360.0,1392104360.0,"4,3,1"
1392104360.0,1392104360.0,"4,1"
1392104360.0,1392104360.0,"3,1"
1392104360.0,1392104360.0,1
1392104361.0,1392104361.0,"4,3,1"
1392104361.0,1392104361.0,"4,1"
1392104361.0,1392104361.0,"3,1"
1392104361.0,1392104361.0,1
1392104362.0,1392104362.0,"4,3,1"
1392104362.0,1392104362.0,"4,1"
1392104362.0,1392104362.0,"3,1"
1392104362.0,1392104362.0,1
1392104363.0,1392104363.0,"4,3,1"
1392104363.0,1392104363.0,"4,1"
1392104363.0,1392104363.0,"3,1"
1392104363.0,1392104363.0,1
1392104364.0,1392104364.0,"4,3,1"
1392104364.0,1392104364.0,"4,1"
1392104364.0,1392104364.0,"3,1"
1392104364.0,1392104364.0,1
1392104365.0,1392104365.0,"4,3,1"
1392104365.0,1392104365.0,"4,1"
1392104365.0,1392104365.0,"3,1"
1392104365.0,1392104365.0,1
1392104366.0,1392104366.0,"4,3,1"
1392104366.0,1392104366.0,"4,1"
1392104366.0,1392104366.0,"3,1"
1392104366.0,1392104366.0,1
1392104367.0,1392104367.0,"4,3,1"
1392104367.0,1392104367.0,"4,1"
1392104367.0,1392104367.0,"3,1"
1392104367.0,1392104367.0,1
1392104368.0,1392104368.0,"4,3,1"
1392104368.0,1392104368.0,"4,1"
1392104368.0,1392104368.0,"3,1"
1392104368.0,1392104368.0,1
1392104369.0,1392104369.0,"4,3,1"
1392104369.0,1392104369.0,"4,1"
1392104369.0,1392104369.0,"3,1"
1392104369.0,1392104369.0,1
1392104370.0,1392104370.0,"4,3,1"
1392104370.0,1392104370.0,"4,1"
1392104370.0,1392104370.0,"3,1"
1392104370.0,1392104370.0,1
1392104371.0,1392104371.0,"4,3,1"
1392104371.0,1392104371.0,"4,1"
1392104371.0,1392104371.0,"3,1"
1392104371.0,1392104371.0,1
1392104372.0,1392104372.0,"4,3,1"
1392104372.0,1392104372.0,"4,1"
1392104372.0,1392104372.0,"3,1"
1392104372.0,1392104372.0,1
1392104373.0,1392104373.0,"4,3,1"
1392104373.0,1392104373.0,"4,1"
1392104373.0,1392104373.0,"3,1"
1392104373.0,1392104373.0,1
1392104374.0,1392104374.0,"4,3,1"
1392104374.0,1392104374.0,"4,1"
1392104374.0,1392104374.0,"3,1"
1392104374.0,1392104374.0,1
1392104375.0,1392104375.0,"4,3,1"
1392104375.0,1392104375.0,"4,1"
1392104375.0,1392104375.0,"3,1"
1392104375.0,1392104375.0,1
1392104376.0,1392104376.0,"4,3,1"
1392104376.0,1392104376.0,"4,1"
1392104376.0,1392104376.0,"3,1"
1392104376.0,1392104376.0,1
1392104377.0,1392104377.0,"4,3,1"
1392104377.0,1392104377.0,"4,1"
1392104377.0,1392104377.0,"3,1"
1392104377.0,1392104377.0,1
1392104378.0,1392104378.0,"4,3,1"
1392104378.0,1392104378.0,"4,1"
1392104378.0,1392104378.0,"3,1"
1392104378.0,1392104378.0,1
1392104379.0,1392104379.0,"4,3,1"
1392104379.0,1392104379.0,"4,1"
1392104379.0,1392104379.0,"3,1"
1392104379.0,1392104379.0,1
1392104380.0,1392104380.0,"4,3,1"
1392104380.0,1392104380.0,"4,1"
1392104380.0,1392104380.0,"3,1"
1392104380.0,1392104380.0,1
1392104381.0,1392104381.0,"4,3,1"
1392104381.0,1392104381.0,"4,1"
1392104381.0,1392104381.0,"3,1"
1392104381.0,1392104381.0,1
1392104382.0,1392104382.0,"4,3,1"
1392104382.0,1392104382.0,"4,1"
1392104382.0,1392104382.0,"3,1"
1392104382.0,1392104382.0,1
1392104383.0,1392104383.0,"4,3,1"
1392104383.0,1392104383.0,"4,1"
1392104383.0,1392104383.0,"3,1"
1392104383.0,1392104383.0,1
1392104384.0,1392104384.0,"4,3,1"
1392104384.0,1392104384.0,"4,1"
1392104384.0,1392104384.0,"3,1"
1392104384.0,1392104384.0,1
1392104385.0,1392104385.0,"4,3,1"
1392104385.0,1392104385.0,"4,1"
1392104385.0,1392104385.0,"3,1"
1392104385.0,1392104385.0,1
1392104386.0,1392104386.0,"4,3,1"
1392104386.0,1392104386.0,"4,1"
1392104386.0,1392104386.0,"3,1"
1392104386.0,1392104386.0,1
1392104387.0,1392104387.0,"4,3,1"
1392104387.0,1392104387.0,"4,1"
1392104387.0,1392104387.0,"3,1"
1392104387.0,1392104387.0,1
1392104388.0,1392104388.0,"4,3,1"
1392104388.0,1392104388.0,"4,1"
1392104388.0,1392104388.0,"3,1"
1392104388.0,1392104388.0,1
1392104389.0,1392104389.0,"4,3,1"
1392104389.0,1392104389.0,"4,1"
1392104389.0,1392104389.0,"3,1"
1392104389.0,1392104389.0,1
1392104390.0,1392104390.0,"4,3,1"
1392104390.0,1392104390.0,"4,1"
1392104390.0,1392104390.0,"3,1"
1392104390.0,1392104390.0,1
1392104391.0,1392104391.0,"4,3,1"
1392104391.0,1392104391.0,"4,1"
1392104391.0,1392104391.0,"3,1"
1392104391.0,1392104391.0,1
1392104392.0,1392104392.0,"4,3,1"
1392104392.0,1392104392.0,"4,1"
1392104392.0,1392104392.0,"3,1"
1392104392.0,1392104392.0,1
1392104393.0,1392104393.0,"4,3,1"
1392104393.0,1392104393.0,"4,1"
1392104393.0,1392104393.0,"3,1"
1392104393.0,1392104393.0,1
1392104394.0,1392104394.0,"4,3,1"
1392104394.0,1392104394.0,"4,1"
1392104394.0,1392104394.0,"3,1"
1392104394.0,1392104394.0,1
1392104395.0,1392104395.0,"4,3,1"
1392104395.0,1392104395.0,"4,1"
1392104395.0,1392104395.0,"3,1"
1392104395.0,1392104395.0,1
1392104396.0,1392104396.0,"4,3,1"
1392104396.0,1392104396.0,"4,1"
1392104396.0,1392104396.0,"3,1"
1392104396.0,1392104396.0,1
1392104397.0,1392104397.0,"4,3,1"
1392104397.0,1392104397.0,"4,1"
1392104397.0,1392104397.0,"3,1"
1392104397.0,1392104397.0,1
1392104398.0,1392104398.0,"4,3,1"
1392104398.0,1392104398.0,"4,1"
1392104398.0,1392104398.0,"3,1"
1392104398.0,1392104398.0,1
1392104399.0,1392104399.0,"4,3,1"
1392104399.0,1392104399.0,"4,1"
1392104399.0,1392104399.0,"3,1"
1392104399.0,1392104399.0,1
1392104400.0,1392104400.0,"4,3,1"
1392104400.0,1392104400.0,"4,1"
1392104400.0,1392104400.0,"3,1"
1392104400.0,1392104400.0,1
1392104401.0,1392104401.0,"4,3,1"
1392104401.0,1392104401.0,"4,1"
1392104401.0,1392104401.0,"3,1"
1392104401.0,1392104401.0,1
1392104402.0,1392104402.0,"4,3,1"
1392104402.0,1392104402.0,"4,1"
1392104402.0,1392104402.0,"3,1"
1392104402.0,1392104402.0,1
1392104403.0,1392104403.0,"4,3,1"
1392104403.0,1392104403.0,"4,1"
1392104403.0,1392104403.0,"3,1"
1392104403.0,1392104403.0,1
1392104404.0,1392104404.0,"4,3,1"
1392104404.0,1392104404.0,"4,1"
1392104404.0,1392104404.0,"3,1"
1392104404.0,1392104404.0,1
1392104405.0,1392104405.0,"4,3,1"
1392104405.0,1392104405.0,"4,1"
1392104405.0,1392104405.0,"3,1"
1392104405.0,1392104405.0,1
1392104406.0,1392104406.0,"4,3,1"
1392104406.0,1392104406.0,"4,1"
1392104406.0,1392104406.0,"3,1"
1392104406.0,1392104406.0,1
1392104407.0,1392104407.0,"4,3,1"
1392104407.0,1392104407.0,"4,1"
1392104407.0,1392104407.0,"3,1"
1392104407.0,1392104407.0,1
1392104408.0,1392104408.0,"4,3,1"
1392104408.0,1392104408.0,"4,1"
1392104408.0,1392104408.0,"3,1"
1392104408.0,1392104408.0,1
1392104409.0,1392104409.0,"4,3,1"
1392104409.0,1392104409.0,"4,1"
1392104409.0,1392104409.0,"3,1"
1392104409.0,1392104409.0,1
1392104410.0,1392104410.0,"4,3,1"
1392104410.0,1392104410.0,"4,1"
1392104410.0,1392104410.0,"3,1"
1392104410.0,1392104410.0,1
1392104411.0,1392104411.0,"4,3,1"
1392104411.0,1392104411.0,"4,1"
1392104411.0,1392104411.0,"3,1"
1392104411.0,1392104411.0,1
1392104412.0,1392104412.0,"4,3,1"
1392104412.0,1392104412.0,"4,1"
1392104412.0,1392104412.0,"3,1"
1392104412.0,1392104412.0,1
1392104413.0,1392104413.0,"4,3,1"
1392104413.0,1392104413.0,"4,1"
1392104413.0,1392104413.0,"3,1"
1392104413.0,1392104413.0,1
1392104414.0,1392104414.0,"4,3,1"
1392104414.0,1392104414.0,"4,1"
1392104414.0,1392104414.0,"3,1"
1392104414.0,1392104414.0,1
1392104415.0,1392104415.0,"4,3,1"
1392104415.0,1392104415.0,"4,1"
1392104415.0,1392104415.0,"3,1"
1392104415.0,1392104415.0,1
1392104416.0,1392104416.0,"4,3,1"
1392104416.0,1392104416.0,"4,1"
1392104416.0,1392104416.0,"3,1"
1392104416.0,1392104416.0,1
1392104417.0,1392104417.0,"4,3,1"
1392104417.0,1392104417.0,"4,1"
1392104417.0,1392104417.0,"3,1"
1392104417.0,1392104417.0,1
1392104418.0,1392104418.0,"4,3,1"
1392104418.0,1392104418.0,"4,1"
1392104418.0,1392104418.0,"3,1"
1392104418.0,1392104418.0,1
1392104419.0,1392104419.0,"4,3,1"
1392104419.0,1392104419.0,"4,1"
1392104419.0,1392104419.0,"3,1"
1392104419.0,1392104419.0,1
1392104420.0,1392104420.0,"4,3,1"
1392104420.0,1392104420.0,"4,1"
1392104420.0,1392104420.0,"3,1"
1392104420.0,1392104420.0,1
1392104421.0,1392104421.0,"4,3,1"
1392104421.0,1392104421.0,"4,1"
1392104421.0,1392104421.0,"3,1"
1392104421.0,1392104421.0,1
1392104422.0,1392104422.0,"4,3,1"
1392104422.0,1392104422.0,"4,1"
1392104422.0,1392104422.0,"3,1"
1392104422.0,1392104422.0,1
1392104423.0,1392104423.0,"4,3,1"
1392104423.0,1392104423.0,"4,1"
1392104423.0,1392104423.0,"3,1"
1392104423.0,1392104423.0,1
1392104424.0,1392104424.0,"4,3,1"
1392104424.0,1392104424.0,"4,1"
1392104424.0,1392104424.0,"3,1"
1392104424.0,1392104424.0,1
1392104425.0,1392104425.0,"4,3,1"
1392104425.0,1392104425.0,"4,1"
1392104425.0,1392104425.0,"3,1"
1392104425.0,1392104425.0,1
1392104426.0,1392104426.0,"4,3,1"
1392104426.0,1392104426.0,"4,1"
1392104426.0,1392104426.0,"3,1"
1392104426.0,1392104426.0,1
1392104427.0,1392104427.0,"4,3,1"
1392104427.0,1392104427.0,"4,1"
1392104427.0,1392104427.0,"3,1"
1392104427.0,1392104427.0,1
1392104428.0,1392104428.0,"4,3,1"
1392104428.0,1392104428.0,"4,1"
1392104428.0,1392104428.0,"3,1"
1392104428.0,1392104428.0,1
1392104429.0,1392104429.0,"4,3,1"
1392104429.0,1392104429.0,"4,1"
1392104429.0,1392104429.0,"3,1"
1392104429.0,1392104429.0,1
1392104430.0,1392104430.0,"4,3,1"
1392104430.0,1392104430.0,"4,1"
1392104430.0,1392104430.0,"3,1"
1392104430.0,1392104430.0,1
1392104431.0,1392104431.0,"4,3,1"
1392104431.0,1392104431.0,"4,1"
1392104431.0,1392104431.0,"3,1"
1392104431.0,1392104431.0,1
1392104432.0,1392104432.0,"4,3,1"
1392104432.0,1392104432.0,"4,1"
1392104432.0,1392104432.0,"3,1"
1392104432.0,1392104432.0,1
1392104433.0,1392104433.0,"4,3,1"
1392104433.0,1392104433.0,"4,1"
1392104433.0,1392104433.0,"3,1"
1392104433.0,1392104433.0,1
1392104434.0,1392104434.0,"4,3,1"
1392104434.0,1392104434.0,"4,1"
1392104434.0,1392104434.0,"3,1"
1392104434.0,1392104434.0,1
1392104435.0,1392104435.0,"4,3,1"
1392104435.0,1392104435.0,"4,1"
1392104435.0,1392104435.0,"3,1"
1392104435.0,1392104435.0,1
1392104436.0,1392104436.0,"4,3,1"
1392104436.0,1392104436.0,"4,1"
1392104436.0,1392104436.0,"3,1"
1392104436.0,1392104436.0,1
1392104437.0,1392104437.0,"4,3,1"
1392104437.0,1392104437.0,"4,1"
1392104437.0,1392104437.0,"3,1"
1392104437.0,1392104437.0,1
1392104438.0,1392104438.0,"4,3,1"
1392104438.0,1392104438.0,"4,1"
1392104438.0,1392104438.0,"3,1"
1392104438.0,1392104438.0,1
1392104439.0,1392104439.0,"4,3,1"
1392104439.0,1392104439.0,"4,1"
1392104439.0,1392104439.0,"3,1"
1392104439.0,1392104439.0,1
1392104440.0,1392104440.0,"4,3,1"
1392104440.0,1392104440.0,"4,1"
1392104440.0,1392104440.0,"3,1"
1392104440.0,1392104440.0,1
1392104441.0,1392104441.0,"4,3,1"
1392104441.0,1392104441.0,"4,1"
1392104441.0,1392104441.0,"3,1"
1392104441.0,1392104441.0,1
1392104442.0,1392104442.0,"4,3,1"
1392104442.0,1392104442.0,"4,1"
1392104442.0,1392104442.0,"3,1"
1392104442.0,1392104442.0,1
1392104443.0,1392104443.0,"4,3,1"
1392104443.0,1392104443.0,"4,1"
1392104443.0,1392104443.0,"3,1"
1392104443.0,1392104443.0,1
1392104444.0,1392104444.0,"4,3,1"
1392104444.0,1392104444.0,"4,1"
1392104444.0,1392104444.0,"3,1"
1392104444.0,1392104444.0,1
1392104445.0,1392104445.0,"4,3,1"
1392104445.0,1392104445.0,"4,1"
1392104445.0,1392104445.0,"3,1"
1392104445.0,1392104445.0,1
1392104446.0,1392104446.0,"4,3,1"
1392104446.0,1392104446.0,"4,1"
1392104446.0,1392104446.0,"3,1"
1392104446.0,1392104446.0,1
1392104447.0,1392104447.0,"4,3,1"
1392104447.0,1392104447.0,"4,1"
1392104447.0,1392104447.0,"3,1"
1392104447.0,1392104447.0,1
1392104448.0,1392104448.0,"4,3,1"
1392104448.0,1392104448.0,"4,1"
1392104448.0,1392104448.0,"3,1"
1392104448.0,1392104448.0,1
1392104449.0,1392104449.0,"4,3,1"
1392104449.0,1392104449.0,"4,1"
1392104449.0,1392104449.0,"3,1"
1392104449.0,1392104449.0,1
1392104450.0,1392104450.0,"4,3,1"
1392104450.0,1392104450.0,"4,1"
1392104450.0,1392104450.0,"3,1"
1392104450.0,1392104450.0,1
1392104451.0,1392104451.0,"4,3,1"
1392104451.0,1392104451.0,"4,1"
1392104451.0,1392104451.0,"3,1"
1392104451.0,1392104451.0,1
1392104452.0,1392104452.0,"4,3,1"
1392104452.0,1392104452.0,"4,1"
1392104452.0,1392104452.0,"3,1"
1392104452.0,1392104452.0,1
1392104453.0,1392104453.0,"4,3,1"
1392104453.0,1392104453.0,"4,1"
1392104453.0,1392104453.0,"3,1"
1392104453.0,1392104453.0,1
1392104454.0,1392104454.0,"4,3,1"
1392104454.0,1392104454.0,"4,1"
1392104454.0,1392104454.0,"3,1"
1392104454.0,1392104454.0,1
1392104455.0,1392104455.0,"4,3,1"
1392104455.0,1392104455.0,"4,1"
1392104455.0,1392104455.0,"3,1"
1392104455.0,1392104455.0,1
1392104456.0,1392104456.0,"4,3,1"
1392104456.0,1392104456.0,"4,1"
1392104456.0,1392104456.0,"3,1"
1392104456.0,1392104456.0,1
1392104457.0,1392104457.0,"4,3,1"
1392104457.0,1392104457.0,"4,1"
1392104457.0,1392104457.0,"3,1"
1392104457.0,1392104457.0,1
1392104458.0,1392104458.0,"4,3,1"
1392104458.0,1392104458.0,"4,1"
1392104458.0,1392104458.0,"3,1"
1392104458.0,1392104458.0,1
1392104459.0,1392104459.0,"4,3,1"
1392104459.0,1392104459.0,"4,1"
1392104459.0,1392104459.0,"3,1"
1392104459.0,1392104459.0,1
1392104460.0,1392104460.0,"4,3,1"
1392104460.0,1392104460.0,"4,1"
1392104460.0,1392104460.0,"3,1"
1392104460.0,1392104460.0,1
1392104461.0,1392104461.0,"4,3,1"
1392104461.0,1392104461.0,"4,1"
1392104461.0,1392104461.0,"3,1"
1392104461.0,1392104461.0,1
1392104462.0,1392104462.0,"4,3,1"
1392104462.0,1392104462.0,"4,1"
1392104462.0,1392104462.0,"3,1"
1392104462.0,1392104462.0,1
1392104463.0,1392104463.0,"4,3,1"
1392104463.0,1392104463.0,"4,1"
1392104463.0,1392104463.0,"3,1"
1392104463.0,1392104463.0,1
1392104464.0,1392104464.0,"4,3,1"
1392104464.0,1392104464.0,"4,1"
1392104464.0,1392104464.0,"3,1"
1392104464.0,1392104464.0,1
1392104465.0,1392104465.0,"4,3,1"
1392104465.0,1392104465.0,"4,1"
1392104465.0,1392104465.0,"3,1"
1392104465.0,1392104465.0,1
1392104466.0,1392104466.0,"4,3,1"
1392104466.0,1392104466.0,"4,1"
1392104466.0,1392104466.0,"3,1"
1392104466.0,1392104466.0,1
1392104467.0,1392104467.0,"4,3,1"
1392104467.0,1392104467.0,"4,1"
1392104467.0,1392104467.0,"3,1"
1392104467.0,1392104467.0,1
1392104468.0,1392104468.0,"4,3,1"
1392104468.0,1392104468.0,"4,1"
1392104468.0,1392104468.0,"3,1"
1392104468.0,1392104468.0,1
1392104469.0,1392104469.0,"4,3,1"
1392104469.0,1392104469.0,"4,1"
1392104469.0,1392104469.0,"3,1"
1392104469.0,1392104469.0,1
1392104470.0,1392104470.0,"4,3,1"
1392104470.0,1392104470.0,"4,1"
1392104470.0,1392104470.0,"3,1"
1392104470.0,1392104470.0,1
1392104471.0,1392104471.0,"4,3,1"
1392104471.0,1392104471.0,"4,1"
1392104471.0,1392104471.0,"3,1"
1392104471.0,1392104471.0,1
1392104472.0,1392104472.0,"4,3,1"
1392104472.0,1392104472.0,"4,1"
1392104472.0,1392104472.0,"3,1"
1392104472.0,1392104472.0,1
1392104473.0,1392104473.0,"4,3,1"
1392104473.0,1392104473.0,"4,1"
1392104473.0,1392104473.0,"3,1"
1392104473.0,1392104473.0,1
1392104474.0,1392104474.0,"4,3,1"
1392104474.0,1392104474.0,"4,1"
1392104474.0,1392104474.0,"3,1"
1392104474.0,1392104474.0,1
1392104475.0,1392104475.0,"4,3,1"
1392104475.0,1392104475.0,"4,1"
1392104475.0,1392104475.0,"3,1"
1392104475.0,1392104475.0,1
1392104476.0,1392104476.0,"4,3,1"
1392104476.0,1392104476.0,"4,1"
1392104476.0,1392104476.0,"3,1"
1392104476.0,1392104476.0,1
1392104477.0,1392104477.0,"4,3,1"
1392104477.0,1392104477.0,"4,1"
1392104477.0,1392104477.0,"3,1"
1392104477.0,1392104477.0,1
1392104478.0,1392104478.0,"4,3,1"
1392104478.0,1392104478.0,"4,1"
1392104478.0,1392104478.0,"3,1"
1392104478.0,1392104478.0,1
1392104479.0,1392104479.0,"4,3,1"
1392104479.0,1392104479.0,"4,1"
1392104479.0,1392104479.0,"3,1"
1392104479.0,1392104479.0,1
1392104480.0,1392104480.0,"4,3,1"
1392104480.0,1392104480.0,"4,1"
1392104480.0,1392104480.0,"3,1"
1392104480.0,1392104480.0,1
1392104481.0,1392104481.0,"4,3,1"
1392104481.0,1392104481.0,"4,1"
1392104481.0,1392104481.0,"3,1"
1392104481.0,1392104481.0,1
1392104482.0,1392104482.0,"4,3,1"
1392104482.0,1392104482.0,"4,1"
1392104482.0,1392104482.0,"3,1"
1392104482.0,1392104482.0,1
1392104483.0,1392104483.0,"4,3,1"
1392104483.0,1392104483.0,"4,1"
1392104483.0,1392104483.0,"3,1"
1392104483.0,1392104483.0,1
1392104484.0,1392104484.0,"4,3,1"
1392104484.0,1392104484.0,"4,1"
1392104484.0,1392104484.0,"3,1"
1392104484.0,1392104484.0,1
1392104485.0,1392104485.0,"4,3,1"
1392104485.0,1392104485.0,"4,1"
1392104485.0,1392104485.0,"3,1"
1392104485.0,1392104485.0,1
1392104486.0,1392104486.0,"4,3,1"
1392104486.0,1392104486.0,"4,1"
1392104486.0,1392104486.0,"3,1"
1392104486.0,1392104486.0,1
1392104487.0,1392104487.0,"4,3,1"
1392104487.0,1392104487.0,"4,1"
1392104487.0,1392104487.0,"3,1"
1392104487.0,1392104487.0,1
1392104488.0,1392104488.0,"4,3,1"
1392104488.0,1392104488.0,"4,1"
1392104488.0,1392104488.0,"3,1"
1392104488.0,1392104488.0,1
1392104489.0,1392104489.0,"4,3,1"
1392104489.0,1392104489.0,"4,1"
1392104489.0,1392104489.0,"3,1"
1392104489.0,1392104489.0,1
1392104490.0,1392104490.0,"4,3,1"
1392104490.0,1392104490.0,"4,1"
1392104490.0,1392104490.0,"3,1"
1392104490.0,1392104490.0,1
1392104491.0,1392104491.0,"4,3,1"
1392104491.0,1392104491.0,"4,1"
1392104491.0,1392104491.0,"3,1"
1392104491.0,1392104491.0,1
1392104492.0,1392104492.0,"4,3,1"
1392104492.0,1392104492.0,"4,1"
1392104492.0,1392104492.0,"3,1"
1392104492.0,1392104492.0,1
1392104493.0,1392104493.0,"4,3,1"
1392104493.0,1392104493.0,"4,1"
1392104493.0,1392104493.0,"3,1"
1392104493.0,1392104493.0,1
1392104494.0,1392104494.0,"4,3,1"
1392104494.0,1392104494.0,"4,1"
1392104494.0,1392104494.0,"3,1"
1392104494.0,1392104494.0,1
1392104495.0,1392104495.0,"4,3,1"
1392104495.0,1392104495.0,"4,1"
1392104495.0,1392104495.0,"3,1"
1392104495.0,1392104495.0,1
1392104496.0,1392104496.0,"4,3,1"
1392104496.0,1392104496.0,"4,1"
1392104496.0,1392104496.0,"3,1"
1392104496.0,1392104496.0,1
1392104497.0,1392104497.0,"4,3,1"
1392104497.0,1392104497.0,"4,1"
1392104497.0,1392104497.0,"3,1"
1392104497.0,1392104497.0,1
1392104498.0,1392104498.0,"4,3,1"
1392104498.0,1392104498.0,"4,1"
1392104498.0,1392104498.0,"3,1"
1392104498.0,1392104498.0,1
1392104499.0,1392104499.0,"4,3,1"
1392104499.0,1392104499.0,"4,1"
1392104499.0,1392104499.0,"3,1"
1392104499.0,1392104499.0,1
1392104500.0,1392104500.0,"4,3,1"
1392104500.0,1392104500.0,"4,1"
1392104500.0,1392104500.0,"3,1"
1392104500.0,1392104500.0,1
1392104501.0,1392104501.0,"4,3,1"
1392104501.0,1392104501.0,"4,1"
1392104501.0,1392104501.0,"3,1"
1392104501.0,1392104501.0,1
1392104502.0,1392104502.0,"4,3,1"
1392104502.0,1392104502.0,"4,1"
1392104502.0,1392104502.0,"3,1"
1392104502.0,1392104502.0,1
1392104503.0,1392104503.0,"4,3,1"
1392104503.0,1392104503.0,"4,1"
1392104503.0,1392104503.0,"3,1"
1392104503.0,1392104503.0,1
1392104504.0,1392104504.0,"4,3,1"
1392104504.0,1392104504.0,"4,1"
1392104504.0,1392104504.0,"3,1"
1392104504.0,1392104504.0,1
1392104505.0,1392104505.0,"4,3,1"
1392104505.0,1392104505.0,"4,1"
1392104505.0,1392104505.0,"3,1"
1392104505.0,1392104505.0,1
1392104506.0,1392104506.0,"4,3,1"
1392104506.0,1392104506.0,"4,1"
1392104506.0,1392104506.0,"3,1"
1392104506.0,1392104506.0,1
1392104507.0,1392104507.0,"4,3,1"
1392104507.0,1392104507.0,"4,1"
1392104507.0,1392104507.0,"3,1"
1392104507.0,1392104507.0,1
1392104508.0,1392104508.0,"4,3,1"
1392104508.0,1392104508.0,"4,1"
1392104508.0,1392104508.0,"3,1"
1392104508.0,1392104508.0,1
1392104509.0,1392104509.0,"4,3,1"
1392104509.0,1392104509.0,"4,1"
1392104509.0,1392104509.0,"3,1"
1392104509.0,1392104509.0,1
1392104510.0,1392104510.0,"4,3,1"
1392104510.0,1392104510.0,"4,1"
1392104510.0,1392104510.0,"3,1"
1392104510.0,1392104510.0,1
1392104511.0,1392104511.0,"4,3,1"
1392104511.0,1392104511.0,"4,1"
1392104511.0,1392104511.0,"3,1"
1392104511.0,1392104511.0,1
1392104512.0,1392104512.0,"4,3,1"
1392104512.0,1392104512.0,"4,1"
1392104512.0,1392104512.0,"3,1"
1392104512.0,1392104512.0,1
1392104513.0,1392104513.0,"4,3,1"
1392104513.0,1392104513.0,"4,1"
1392104513.0,1392104513.0,"3,1"
1392104513.0,1392104513.0,1
1392104514.0,1392104514.0,"4,3,1"
1392104514.0,1392104514.0,"4,1"
1392104514.0,1392104514.0,"3,1"
1392104514.0,1392104514.0,1
1392104515.0,1392104515.0,"4,3,1"
1392104515.0,1392104515.0,"4,1"
1392104515.0,1392104515.0,"3,1"
1392104515.0,1392104515.0,1
1392104516.0,1392104516.0,"4,3,1"
1392104516.0,1392104516.0,"4,1"
1392104516.0,1392104516.0,"3,1"
1392104516.0,1392104516.0,1
1392104517.0,1392104517.0,"4,3,1"
1392104517.0,1392104517.0,"4,1"
1392104517.0,1392104517.0,"3,1"
1392104517.0,1392104517.0,1
1392104518.0,1392104518.0,"4,3,1"
1392104518.0,1392104518.0,"4,1"
1392104518.0,1392104518.0,"3,1"
1392104518.0,1392104518.0,1
1392104519.0,1392104519.0,"4,3"
1392104519.0,1392104519.0,4
1392104519.0,1392104519.0,3
1392104520.0,1392104520.0,"4,3"
1392104520.0,1392104520.0,4
1392104520.0,1392104520.0,3
1392104521.0,1392104521.0,"4,3"
1392104521.0,1392104521.0,4
1392104521.0,1392104521.0,3
1392104522.0,1392104522.0,"4,3"
1392104522.0,1392104522.0,4
1392104522.0,1392104522.0,3
1392104523.0,1392104523.0,"4,3"
1392104523.0,1392104523.0,4
1392104523.0,1392104523.0,3
1392104524.0,1392104524.0,"4,3"
1392104524.0,1392104524.0,4
1392104524.0,1392104524.0,3
1392104525.0,1392104525.0,"4,3"
1392104525.0,1392104525.0,4
1392104525.0,1392104525.0,3
1392104526.0,1392104526.0,"4,3"
1392104526.0,1392104526.0,4
1392104526.0,1392104526.0,3
1392104527.0,1392104527.0,"4,3"
1392104527.0,1392104527.0,4
1392104527.0,1392104527.0,3
1392104528.0,1392104528.0,"4,3"
1392104528.0,1392104528.0,4
1392104528.0,1392104528.0,3
1392104529.0,1392104529.0,"4,3"
1392104529.0,1392104529.0,4
1392104529.0,1392104529.0,3
1392104530.0,1392104530.0,"4,3"
1392104530.0,1392104530.0,4
1392104530.0,1392104530.0,3
1392104531.0,1392104531.0,"4,3"
1392104531.0,1392104531.0,4
1392104531.0,1392104531.0,3
1392104532.0,1392104532.0,"4,3"
1392104532.0,1392104532.0,4
1392104532.0,1392104532.0,3
1392104533.0,1392104533.0,"4,3"
1392104533.0,1392104533.0,4
1392104533.0,1392104533.0,3
1392104534.0,1392104534.0,"4,3"
1392104534.0,1392104534.0,4
1392104534.0,1392104534.0,3
1392104535.0,1392104535.0,"4,3"
1392104535.0,1392104535.0,4
1392104535.0,1392104535.0,3
1392104536.0,1392104536.0,"4,3"
1392104536.0,1392104536.0,4
1392104536.0,1392104536.0,3
1392104537.0,1392104537.0,"4,3"
1392104537.0,1392104537.0,4
1392104537.0,1392104537.0,3
1392104538.0,1392104538.0,"4,3"
1392104538.0,1392104538.0,4
1392104538.0,1392104538.0,3
1392104539.0,1392104539.0,"4,3"
1392104539.0,1392104539.0,4
1392104539.0,1392104539.0,3
1392104540.0,1392104540.0,"4,3"
1392104540.0,1392104540.0,4
1392104540.0,1392104540.0,3
1392104541.0,1392104541.0,"4,3"
1392104541.0,1392104541.0,4
1392104541.0,1392104541.0,3
1392104542.0,1392104542.0,"4,3"
1392104542.0,1392104542.0,4
1392104542.0,1392104542.0,3
1392104543.0,1392104543.0,"4,3"
1392104543.0,1392104543.0,4
1392104543.0,1392104543.0,3
1392104544.0,1392104544.0,"4,3"
1392104544.0,1392104544.0,4
1392104544.0,1392104544.0,3
1392104545.0,1392104545.0,"4,3"
1392104545.0,1392104545.0,4
1392104545.0,1392104545.0,3
1392104546.0,1392104546.0,"4,3"
1392104546.0,1392104546.0,4
1392104546.0,1392104546.0,3
1392104547.0,1392104547.0,"4,3"
1392104547.0,1392104547.0,4
1392104547.0,1392104547.0,3
1392104548.0,1392104548.0,"4,3"
1392104548.0,1392104548.0,4
1392104548.0,1392104548.0,3
1392104549.0,1392104549.0,"4,3"
1392104549.0,1392104549.0,4
1392104549.0,1392104549.0,3
1392104550.0,1392104550.0,"4,3"
1392104550.0,1392104550.0,4
1392104550.0,1392104550.0,3
1392104551.0,1392104551.0,"4,3"
1392104551.0,1392104551.0,4
1392104551.0,1392104551.0,3
1392104552.0,1392104552.0,"4,3"
1392104552.0,1392104552.0,4
1392104552.0,1392104552.0,3
1392104553.0,1392104553.0,"4,3"
1392104553.0,1392104553.0,4
1392104553.0,1392104553.0,3
1392104554.0,1392104554.0,"4,3"
1392104554.0,1392104554.0,4
1392104554.0,1392104554.0,3
1392104555.0,1392104555.0,"4,3"
1392104555.0,1392104555.0,4
1392104555.0,1392104555.0,3
1392104556.0,1392104556.0,"4,3"
1392104556.0,1392104556.0,4
1392104556.0,1392104556.0,3
1392104557.0,1392104557.0,"4,3"
1392104557.0,1392104557.0,4
1392104557.0,1392104557.0,3
1392104558.0,1392104558.0,"4,3"
1392104558.0,1392104558.0,4
1392104558.0,1392104558.0,3
1392104559.0,1392104559.0,"4,3"
1392104559.0,1392104559.0,4
1392104559.0,1392104559.0,3
