1392117315.0,1392117315.0.1,6
1392117315.0,1392117315.0,"6,3"
1392117315.0,1392117315.0,6
1392117315.0,1392117315.0,3
1392117316.0,1392117316.0,"6,3"
1392117316.0,1392117316.0,6
1392117316.0,1392117316.0,3
1392117317.0,1392117317.0,"6,3"
1392117317.0,1392117317.0,6
1392117317.0,1392117317.0,3
1392117318.0,1392117318.0,"6,3"
1392117318.0,1392117318.0,6
1392117318.0,1392117318.0,3
1392117319.0,1392117319.0,"6,3"
1392117319.0,1392117319.0,6
1392117319.0,1392117319.0,3
1392117320.0,1392117320.0,"6,3"
1392117320.0,1392117320.0,6
1392117320.0,1392117320.0,3
1392117321.0,1392117321.0,"6,3"
1392117321.0,1392117321.0,6
1392117321.0,1392117321.0,3
1392117322.0,1392117322.0,"6,3"
1392117322.0,1392117322.0,6
1392117322.0,1392117322.0,3
1392117323.0,1392117323.0,"6,3"
1392117323.0,1392117323.0,6
1392117323.0,1392117323.0,3
1392117324.0,1392117324.0,"6,3"
1392117324.0,1392117324.0,6
1392117324.0,1392117324.0,3
1392117325.0,1392117325.0,"6,3"
1392117325.0,1392117325.0,6
1392117325.0,1392117325.0,3
1392117326.0,1392117326.0,"6,3"
1392117326.0,1392117326.0,6
1392117326.0,1392117326.0,3
1392117327.0,1392117327.0,"6,3"
1392117327.0,1392117327.0,6
1392117327.0,1392117327.0,3
1392117328.0,1392117328.0,"6,3"
1392117328.0,1392117328.0,6
1392117328.0,1392117328.0,3
1392117329.0,1392117329.0,"6,3"
1392117329.0,1392117329.0,6
1392117329.0,1392117329.0,3
1392117330.0,1392117330.0,"6,3"
1392117330.0,1392117330.0,6
1392117330.0,1392117330.0,3
1392117331.0,1392117331.0,"6,3"
1392117331.0,1392117331.0,6
1392117331.0,1392117331.0,3
1392117332.0,1392117332.0,"6,3"
1392117332.0,1392117332.0,6
1392117332.0,1392117332.0,3
1392117333.0,1392117333.0,"6,3"
1392117333.0,1392117333.0,6
1392117333.0,1392117333.0,3
1392117334.0,1392117334.0,"6,3"
1392117334.0,1392117334.0,6
1392117334.0,1392117334.0,3
1392117335.0,1392117335.0,"6,3"
1392117335.0,1392117335.0,6
1392117335.0,1392117335.0,3
1392117336.0,1392117336.0,"6,3"
1392117336.0,1392117336.0,6
1392117336.0,1392117336.0,3
1392117337.0,1392117337.0,"6,3"
1392117337.0,1392117337.0,6
1392117337.0,1392117337.0,3
1392117338.0,1392117338.0,"6,3"
1392117338.0,1392117338.0,6
1392117338.0,1392117338.0,3
1392117339.0,1392117339.0,"6,3"
1392117339.0,1392117339.0,6
1392117339.0,1392117339.0,3
1392117340.0,1392117340.0,"6,3"
1392117340.0,1392117340.0,6
1392117340.0,1392117340.0,3
1392117341.0,1392117341.0,"6,3"
1392117341.0,1392117341.0,6
1392117341.0,1392117341.0,3
1392117342.0,1392117342.0,"6,3"
1392117342.0,1392117342.0,6
1392117342.0,1392117342.0,3
1392117343.0,1392117343.0,"6,3"
1392117343.0,1392117343.0,6
1392117343.0,1392117343.0,3
1392117344.0,1392117344.0,"6,3"
1392117344.0,1392117344.0,6
1392117344.0,1392117344.0,3
1392117345.0,1392117345.0,"6,3"
1392117345.0,1392117345.0,6
1392117345.0,1392117345.0,3
1392117346.0,1392117346.0,"6,3"
1392117346.0,1392117346.0,6
1392117346.0,1392117346.0,3
1392117347.0,1392117347.0,"6,3"
1392117347.0,1392117347.0,6
1392117347.0,1392117347.0,3
1392117348.0,1392117348.0,"6,3"
1392117348.0,1392117348.0,6
1392117348.0,1392117348.0,3
1392117349.0,1392117349.0,"6,3"
1392117349.0,1392117349.0,6
1392117349.0,1392117349.0,3
1392117350.0,1392117350.0,"6,3"
1392117350.0,1392117350.0,6
1392117350.0,1392117350.0,3
1392117351.0,1392117351.0,"6,3"
1392117351.0,1392117351.0,6
1392117351.0,1392117351.0,3
1392117352.0,1392117352.0,"6,3"
1392117352.0,1392117352.0,6
1392117352.0,1392117352.0,3
1392117353.0,1392117353.0,"6,3"
1392117353.0,1392117353.0,6
1392117353.0,1392117353.0,3
1392117354.0,1392117354.0,"6,3"
1392117354.0,1392117354.0,6
1392117354.0,1392117354.0,3
1392117355.0,1392117355.0,"6,3"
1392117355.0,1392117355.0,6
1392117355.0,1392117355.0,3
1392117356.0,1392117356.0,"6,3"
1392117356.0,1392117356.0,6
1392117356.0,1392117356.0,3
1392117357.0,1392117357.0,"6,3"
1392117357.0,1392117357.0,6
1392117357.0,1392117357.0,3
1392117358.0,1392117358.0,"6,3"
1392117358.0,1392117358.0,6
1392117358.0,1392117358.0,3
1392117359.0,1392117359.0,"6,3"
1392117359.0,1392117359.0,6
1392117359.0,1392117359.0,3
1392117360.0,1392117360.0,"6,3"
1392117360.0,1392117360.0,6
1392117360.0,1392117360.0,3
1392117361.0,1392117361.0,"6,3"
1392117361.0,1392117361.0,6
1392117361.0,1392117361.0,3
1392117362.0,1392117362.0,"6,3"
1392117362.0,1392117362.0,6
1392117362.0,1392117362.0,3
1392117363.0,1392117363.0,"6,3"
1392117363.0,1392117363.0,6
1392117363.0,1392117363.0,3
1392117364.0,1392117364.0,"6,3"
1392117364.0,1392117364.0,6
1392117364.0,1392117364.0,3
1392117365.0,1392117365.0,"6,3"
1392117365.0,1392117365.0,6
1392117365.0,1392117365.0,3
1392117366.0,1392117366.0,"6,3"
1392117366.0,1392117366.0,6
1392117366.0,1392117366.0,3
1392117367.0,1392117367.0,"6,3"
1392117367.0,1392117367.0,6
1392117367.0,1392117367.0,3
1392117368.0,1392117368.0,"6,3"
1392117368.0,1392117368.0,6
1392117368.0,1392117368.0,3
1392117369.0,1392117369.0,"6,3"
1392117369.0,1392117369.0,6
1392117369.0,1392117369.0,3
1392117370.0,1392117370.0,"6,3"
1392117370.0,1392117370.0,6
1392117370.0,1392117370.0,3
1392117371.0,1392117371.0,"6,3"
1392117371.0,1392117371.0,6
1392117371.0,1392117371.0,3
1392117372.0,1392117372.0,"6,3"
1392117372.0,1392117372.0,6
1392117372.0,1392117372.0,3
1392117373.0,1392117373.0,"6,3"
1392117373.0,1392117373.0,6
1392117373.0,1392117373.0,3
1392117374.0,1392117374.0,"6,3"
1392117374.0,1392117374.0,6
1392117374.0,1392117374.0,3
1392117375.0,1392117375.0,"6,3"
1392117375.0,1392117375.0,6
1392117375.0,1392117375.0,3
1392117376.0,1392117376.0,"6,3"
1392117376.0,1392117376.0,6
1392117376.0,1392117376.0,3
1392117377.0,1392117377.0,"6,3"
1392117377.0,1392117377.0,6
1392117377.0,1392117377.0,3
1392117378.0,1392117378.0,"6,3"
1392117378.0,1392117378.0,6
1392117378.0,1392117378.0,3
1392117379.0,1392117379.0,"6,3"
1392117379.0,1392117379.0,6
1392117379.0,1392117379.0,3
1392117380.0,1392117380.0,"6,3"
1392117380.0,1392117380.0,6
1392117380.0,1392117380.0,3
1392117381.0,1392117381.0,"6,3"
1392117381.0,1392117381.0,6
1392117381.0,1392117381.0,3
1392117382.0,1392117382.0,"6,3"
1392117382.0,1392117382.0,6
1392117382.0,1392117382.0,3
1392117383.0,1392117383.0,"6,3"
1392117383.0,1392117383.0,6
1392117383.0,1392117383.0,3
1392117384.0,1392117384.0,"6,3"
1392117384.0,1392117384.0,6
1392117384.0,1392117384.0,3
1392117385.0,1392117385.0,"6,3"
1392117385.0,1392117385.0,6
1392117385.0,1392117385.0,3
1392117386.0,1392117386.0,"6,3"
1392117386.0,1392117386.0,6
1392117386.0,1392117386.0,3
1392117387.0,1392117387.0,"6,3"
1392117387.0,1392117387.0,6
1392117387.0,1392117387.0,3
1392117388.0,1392117388.0,"6,3"
1392117388.0,1392117388.0,6
1392117388.0,1392117388.0,3
1392117389.0,1392117389.0,"6,3"
1392117389.0,1392117389.0,6
1392117389.0,1392117389.0,3
1392117390.0,1392117390.0,"6,3"
1392117390.0,1392117390.0,6
1392117390.0,1392117390.0,3
1392117391.0,1392117391.0,"6,3"
1392117391.0,1392117391.0,6
1392117391.0,1392117391.0,3
1392117392.0,1392117392.0,"6,3"
1392117392.0,1392117392.0,6
1392117392.0,1392117392.0,3
1392117393.0,1392117393.0,"6,3"
1392117393.0,1392117393.0,6
1392117393.0,1392117393.0,3
1392117394.0,1392117394.0,"6,3"
1392117394.0,1392117394.0,6
1392117394.0,1392117394.0,3
1392117395.0,1392117395.0,"6,3"
1392117395.0,1392117395.0,6
1392117395.0,1392117395.0,3
1392117396.0,1392117396.0,"6,3"
1392117396.0,1392117396.0,6
1392117396.0,1392117396.0,3
1392117397.0,1392117397.0,"6,3"
1392117397.0,1392117397.0,6
1392117397.0,1392117397.0,3
1392117398.0,1392117398.0,"6,3"
1392117398.0,1392117398.0,6
1392117398.0,1392117398.0,3
1392117399.0,1392117399.0,"6,3"
1392117399.0,1392117399.0,6
1392117399.0,1392117399.0,3
1392117400.0,1392117400.0,"6,3"
1392117400.0,1392117400.0,6
1392117400.0,1392117400.0,3
1392117401.0,1392117401.0,"6,3"
1392117401.0,1392117401.0,6
1392117401.0,1392117401.0,3
1392117402.0,1392117402.0,"6,3"
1392117402.0,1392117402.0,6
1392117402.0,1392117402.0,3
1392117403.0,1392117403.0,"6,3"
1392117403.0,1392117403.0,6
1392117403.0,1392117403.0,3
1392117404.0,1392117404.0,"6,3"
1392117404.0,1392117404.0,6
1392117404.0,1392117404.0,3
1392117405.0,1392117405.0,"6,3"
1392117405.0,1392117405.0,6
1392117405.0,1392117405.0,3
1392117406.0,1392117406.0,"6,3"
1392117406.0,1392117406.0,6
1392117406.0,1392117406.0,3
1392117407.0,1392117407.0,"6,3"
1392117407.0,1392117407.0,6
1392117407.0,1392117407.0,3
1392117408.0,1392117408.0,"6,3"
1392117408.0,1392117408.0,6
1392117408.0,1392117408.0,3
1392117409.0,1392117409.0,"6,3"
1392117409.0,1392117409.0,6
1392117409.0,1392117409.0,3
1392117410.0,1392117410.0,"6,3"
1392117410.0,1392117410.0,6
1392117410.0,1392117410.0,3
1392117411.0,1392117411.0,"6,3"
1392117411.0,1392117411.0,6
1392117411.0,1392117411.0,3
1392117412.0,1392117412.0,"6,3"
1392117412.0,1392117412.0,6
1392117412.0,1392117412.0,3
1392117413.0,1392117413.0,"6,3"
1392117413.0,1392117413.0,6
1392117413.0,1392117413.0,3
1392117414.0,1392117414.0,"6,3"
1392117414.0,1392117414.0,6
1392117414.0,1392117414.0,3
1392117415.0,1392117415.0,"6,3"
1392117415.0,1392117415.0,6
1392117415.0,1392117415.0,3
1392117416.0,1392117416.0,"6,3"
1392117416.0,1392117416.0,6
1392117416.0,1392117416.0,3
1392117417.0,1392117417.0,"6,3"
1392117417.0,1392117417.0,6
1392117417.0,1392117417.0,3
1392117418.0,1392117418.0,"6,3"
1392117418.0,1392117418.0,6
1392117418.0,1392117418.0,3
1392117419.0,1392117419.0,"6,3"
1392117419.0,1392117419.0,6
1392117419.0,1392117419.0,3
1392117420.0,1392117420.0,"6,3"
1392117420.0,1392117420.0,6
1392117420.0,1392117420.0,3
1392117421.0,1392117421.0,"6,3"
1392117421.0,1392117421.0,6
1392117421.0,1392117421.0,3
1392117422.0,1392117422.0,"6,3"
1392117422.0,1392117422.0,6
1392117422.0,1392117422.0,3
1392117423.0,1392117423.0,"6,3"
1392117423.0,1392117423.0,6
1392117423.0,1392117423.0,3
1392117424.0,1392117424.0,"6,3"
1392117424.0,1392117424.0,6
1392117424.0,1392117424.0,3
1392117425.0,1392117425.0,"6,3"
1392117425.0,1392117425.0,6
1392117425.0,1392117425.0,3
1392117426.0,1392117426.0,"6,3"
1392117426.0,1392117426.0,6
1392117426.0,1392117426.0,3
1392117427.0,1392117427.0,"6,3"
1392117427.0,1392117427.0,6
1392117427.0,1392117427.0,3
1392117428.0,1392117428.0,"6,3"
1392117428.0,1392117428.0,6
1392117428.0,1392117428.0,3
1392117429.0,1392117429.0,"6,3"
1392117429.0,1392117429.0,6
1392117429.0,1392117429.0,3
1392117430.0,1392117430.0,"6,3"
1392117430.0,1392117430.0,6
1392117430.0,1392117430.0,3
1392117431.0,1392117431.0,"6,3"
1392117431.0,1392117431.0,6
1392117431.0,1392117431.0,3
1392117432.0,1392117432.0,"6,3"
1392117432.0,1392117432.0,6
1392117432.0,1392117432.0,3
1392117433.0,1392117433.0,"6,3"
1392117433.0,1392117433.0,6
1392117433.0,1392117433.0,3
1392117434.0,1392117434.0,"6,3"
1392117434.0,1392117434.0,6
1392117434.0,1392117434.0,3
1392117435.0,1392117435.0,"6,3"
1392117435.0,1392117435.0,6
1392117435.0,1392117435.0,3
1392117436.0,1392117436.0,"6,3"
1392117436.0,1392117436.0,6
1392117436.0,1392117436.0,3
1392117437.0,1392117437.0,"6,3"
1392117437.0,1392117437.0,6
1392117437.0,1392117437.0,3
1392117438.0,1392117438.0,"6,3"
1392117438.0,1392117438.0,6
1392117438.0,1392117438.0,3
1392117439.0,1392117439.0,"6,3"
1392117439.0,1392117439.0,6
1392117439.0,1392117439.0,3
1392117440.0,1392117440.0,"6,3"
1392117440.0,1392117440.0,6
1392117440.0,1392117440.0,3
1392117441.0,1392117441.0,"6,3"
1392117441.0,1392117441.0,6
1392117441.0,1392117441.0,3
1392117442.0,1392117442.0,"6,3"
1392117442.0,1392117442.0,6
1392117442.0,1392117442.0,3
1392117443.0,1392117443.0,"6,3"
1392117443.0,1392117443.0,6
1392117443.0,1392117443.0,3
1392117444.0,1392117444.0,"6,3"
1392117444.0,1392117444.0,6
1392117444.0,1392117444.0,3
1392117445.0,1392117445.0,"6,3"
1392117445.0,1392117445.0,6
1392117445.0,1392117445.0,3
1392117446.0,1392117446.0,"6,3"
1392117446.0,1392117446.0,6
1392117446.0,1392117446.0,3
1392117447.0,1392117447.0,"6,3"
1392117447.0,1392117447.0,6
1392117447.0,1392117447.0,3
1392117448.0,1392117448.0,"6,3"
1392117448.0,1392117448.0,6
1392117448.0,1392117448.0,3
1392117449.0,1392117449.0,"6,3"
1392117449.0,1392117449.0,6
1392117449.0,1392117449.0,3
1392117450.0,1392117450.0,"6,3"
1392117450.0,1392117450.0,6
1392117450.0,1392117450.0,3
1392117451.0,1392117451.0,"6,3"
1392117451.0,1392117451.0,6
1392117451.0,1392117451.0,3
1392117452.0,1392117452.0,"6,3"
1392117452.0,1392117452.0,6
1392117452.0,1392117452.0,3
1392117453.0,1392117453.0,"6,3"
1392117453.0,1392117453.0,6
1392117453.0,1392117453.0,3
1392117454.0,1392117454.0,"6,3"
1392117454.0,1392117454.0,6
1392117454.0,1392117454.0,3
1392117455.0,1392117455.0,"6,3"
1392117455.0,1392117455.0,6
1392117455.0,1392117455.0,3
1392117456.0,1392117456.0,"6,3"
1392117456.0,1392117456.0,6
1392117456.0,1392117456.0,3
1392117457.0,1392117457.0,"6,3"
1392117457.0,1392117457.0,6
1392117457.0,1392117457.0,3
1392117458.0,1392117458.0,"6,3"
1392117458.0,1392117458.0,6
1392117458.0,1392117458.0,3
1392117459.0,1392117459.0,"6,3"
1392117459.0,1392117459.0,6
1392117459.0,1392117459.0,3
1392117460.0,1392117460.0,"6,3"
1392117460.0,1392117460.0,6
1392117460.0,1392117460.0,3
1392117461.0,1392117461.0,"6,3"
1392117461.0,1392117461.0,6
1392117461.0,1392117461.0,3
1392117462.0,1392117462.0,"6,3"
1392117462.0,1392117462.0,6
1392117462.0,1392117462.0,3
1392117463.0,1392117463.0,"6,3"
1392117463.0,1392117463.0,6
1392117463.0,1392117463.0,3
1392117464.0,1392117464.0,"6,3"
1392117464.0,1392117464.0,6
1392117464.0,1392117464.0,3
1392117465.0,1392117465.0,"6,3"
1392117465.0,1392117465.0,6
1392117465.0,1392117465.0,3
1392117466.0,1392117466.0,"6,3"
1392117466.0,1392117466.0,6
1392117466.0,1392117466.0,3
1392117467.0,1392117467.0,"6,3"
1392117467.0,1392117467.0,6
1392117467.0,1392117467.0,3
1392117468.0,1392117468.0,"6,3"
1392117468.0,1392117468.0,6
1392117468.0,1392117468.0,3
1392117469.0,1392117469.0,"6,3"
1392117469.0,1392117469.0,6
1392117469.0,1392117469.0,3
1392117470.0,1392117470.0,"6,3"
1392117470.0,1392117470.0,6
1392117470.0,1392117470.0,3
1392117471.0,1392117471.0,"6,3"
1392117471.0,1392117471.0,6
1392117471.0,1392117471.0,3
1392117472.0,1392117472.0,"6,3"
1392117472.0,1392117472.0,6
1392117472.0,1392117472.0,3
1392117473.0,1392117473.0,"6,3"
1392117473.0,1392117473.0,6
1392117473.0,1392117473.0,3
1392117474.0,1392117474.0,"6,3"
1392117474.0,1392117474.0,6
1392117474.0,1392117474.0,3
1392117475.0,1392117475.0,"6,3"
1392117475.0,1392117475.0,6
1392117475.0,1392117475.0,3
1392117476.0,1392117476.0,"6,3"
1392117476.0,1392117476.0,6
1392117476.0,1392117476.0,3
1392117477.0,1392117477.0,"6,3"
1392117477.0,1392117477.0,6
1392117477.0,1392117477.0,3
1392117478.0,1392117478.0,"6,3"
1392117478.0,1392117478.0,6
1392117478.0,1392117478.0,3
1392117479.0,1392117479.0,"6,3"
1392117479.0,1392117479.0,6
1392117479.0,1392117479.0,3
1392117480.0,1392117480.0,"6,3"
1392117480.0,1392117480.0,6
1392117480.0,1392117480.0,3
1392117481.0,1392117481.0,"6,3"
1392117481.0,1392117481.0,6
1392117481.0,1392117481.0,3
1392117482.0,1392117482.0,"6,3"
1392117482.0,1392117482.0,6
1392117482.0,1392117482.0,3
1392117483.0,1392117483.0,"6,3"
1392117483.0,1392117483.0,6
1392117483.0,1392117483.0,3
1392117484.0,1392117484.0,"6,3"
1392117484.0,1392117484.0,6
1392117484.0,1392117484.0,3
1392117485.0,1392117485.0,"6,3"
1392117485.0,1392117485.0,6
1392117485.0,1392117485.0,3
1392117486.0,1392117486.0,"6,3"
1392117486.0,1392117486.0,6
1392117486.0,1392117486.0,3
1392117487.0,1392117487.0,"6,3"
1392117487.0,1392117487.0,6
1392117487.0,1392117487.0,3
1392117488.0,1392117488.0,"6,3"
1392117488.0,1392117488.0,6
1392117488.0,1392117488.0,3
1392117489.0,1392117489.0,"6,3"
1392117489.0,1392117489.0,6
1392117489.0,1392117489.0,3
1392117490.0,1392117490.0,"6,3"
1392117490.0,1392117490.0,6
1392117490.0,1392117490.0,3
1392117491.0,1392117491.0,"6,3"
1392117491.0,1392117491.0,6
1392117491.0,1392117491.0,3
1392117492.0,1392117492.0,"6,3"
1392117492.0,1392117492.0,6
1392117492.0,1392117492.0,3
1392117493.0,1392117493.0,"6,3"
1392117493.0,1392117493.0,6
1392117493.0,1392117493.0,3
1392117494.0,1392117494.0,"6,3"
1392117494.0,1392117494.0,6
1392117494.0,1392117494.0,3
1392117495.0,1392117495.0,"6,3"
1392117495.0,1392117495.0,6
1392117495.0,1392117495.0,3
1392117496.0,1392117496.0,"6,3"
1392117496.0,1392117496.0,6
1392117496.0,1392117496.0,3
1392117497.0,1392117497.0,"6,3"
1392117497.0,1392117497.0,6
1392117497.0,1392117497.0,3
1392117498.0,1392117498.0,"6,3"
1392117498.0,1392117498.0,6
1392117498.0,1392117498.0,3
1392117499.0,1392117499.0,"6,3"
1392117499.0,1392117499.0,6
1392117499.0,1392117499.0,3
1392117500.0,1392117500.0,"6,3"
1392117500.0,1392117500.0,6
1392117500.0,1392117500.0,3
1392117501.0,1392117501.0,"6,3"
1392117501.0,1392117501.0,6
1392117501.0,1392117501.0,3
1392117502.0,1392117502.0,"6,3"
1392117502.0,1392117502.0,6
1392117502.0,1392117502.0,3
1392117503.0,1392117503.0,"6,3"
1392117503.0,1392117503.0,6
1392117503.0,1392117503.0,3
1392117504.0,1392117504.0,"6,3"
1392117504.0,1392117504.0,6
1392117504.0,1392117504.0,3
1392117505.0,1392117505.0,"6,3"
1392117505.0,1392117505.0,6
1392117505.0,1392117505.0,3
1392117506.0,1392117506.0,"6,3"
1392117506.0,1392117506.0,6
1392117506.0,1392117506.0,3
1392117507.0,1392117507.0,"6,3"
1392117507.0,1392117507.0,6
1392117507.0,1392117507.0,3
1392117508.0,1392117508.0,"6,3"
1392117508.0,1392117508.0,6
1392117508.0,1392117508.0,3
1392117509.0,1392117509.0,"6,3"
1392117509.0,1392117509.0,6
1392117509.0,1392117509.0,3
1392117510.0,1392117510.0,"6,3"
1392117510.0,1392117510.0,6
1392117510.0,1392117510.0,3
1392117511.0,1392117511.0,"6,3"
1392117511.0,1392117511.0,6
1392117511.0,1392117511.0,3
1392117512.0,1392117512.0,"6,3"
1392117512.0,1392117512.0,6
1392117512.0,1392117512.0,3
1392117513.0,1392117513.0,"6,3"
1392117513.0,1392117513.0,6
1392117513.0,1392117513.0,3
1392117514.0,1392117514.0,"6,3"
1392117514.0,1392117514.0,6
1392117514.0,1392117514.0,3
1392117515.0,1392117515.0,"6,3"
1392117515.0,1392117515.0,6
1392117515.0,1392117515.0,3
1392117516.0,1392117516.0,"6,3"
1392117516.0,1392117516.0,6
1392117516.0,1392117516.0,3
1392117517.0,1392117517.0,"6,3"
1392117517.0,1392117517.0,6
1392117517.0,1392117517.0,3
1392117518.0,1392117518.0,"6,3"
1392117518.0,1392117518.0,6
1392117518.0,1392117518.0,3
1392117519.0,1392117519.0,"6,3"
1392117519.0,1392117519.0,6
1392117519.0,1392117519.0,3
1392117520.0,1392117520.0,"6,3"
1392117520.0,1392117520.0,6
1392117520.0,1392117520.0,3
1392117521.0,1392117521.0,"6,3"
1392117521.0,1392117521.0,6
1392117521.0,1392117521.0,3
1392117522.0,1392117522.0,"6,3"
1392117522.0,1392117522.0,6
1392117522.0,1392117522.0,3
1392117523.0,1392117523.0,"6,3"
1392117523.0,1392117523.0,6
1392117523.0,1392117523.0,3
1392117524.0,1392117524.0,"6,3"
1392117524.0,1392117524.0,6
1392117524.0,1392117524.0,3
1392117525.0,1392117525.0,"6,3"
1392117525.0,1392117525.0,6
1392117525.0,1392117525.0,3
1392117526.0,1392117526.0,"6,3"
1392117526.0,1392117526.0,6
1392117526.0,1392117526.0,3
1392117527.0,1392117527.0,"6,3"
1392117527.0,1392117527.0,6
1392117527.0,1392117527.0,3
1392117528.0,1392117528.0,"6,3"
1392117528.0,1392117528.0,6
1392117528.0,1392117528.0,3
1392117529.0,1392117529.0,"6,3"
1392117529.0,1392117529.0,6
1392117529.0,1392117529.0,3
1392117530.0,1392117530.0,"6,3"
1392117530.0,1392117530.0,6
1392117530.0,1392117530.0,3
1392117531.0,1392117531.0,"6,3"
1392117531.0,1392117531.0,6
1392117531.0,1392117531.0,3
1392117532.0,1392117532.0,"6,3"
1392117532.0,1392117532.0,6
1392117532.0,1392117532.0,3
1392117533.0,1392117533.0,"6,3"
1392117533.0,1392117533.0,6
1392117533.0,1392117533.0,3
1392117534.0,1392117534.0,"6,3"
1392117534.0,1392117534.0,6
1392117534.0,1392117534.0,3
1392117535.0,1392117535.0,"6,3"
1392117535.0,1392117535.0,6
1392117535.0,1392117535.0,3
1392117536.0,1392117536.0,"6,3"
1392117536.0,1392117536.0,6
1392117536.0,1392117536.0,3
1392117537.0,1392117537.0,"6,3"
1392117537.0,1392117537.0,6
1392117537.0,1392117537.0,3
1392117538.0,1392117538.0,"6,3"
1392117538.0,1392117538.0,6
1392117538.0,1392117538.0,3
1392117539.0,1392117539.0,"6,3"
1392117539.0,1392117539.0,6
1392117539.0,1392117539.0,3
1392117540.0,1392117540.0,"6,3"
1392117540.0,1392117540.0,6
1392117540.0,1392117540.0,3
1392117541.0,1392117541.0,"6,3"
1392117541.0,1392117541.0,6
1392117541.0,1392117541.0,3
1392117542.0,1392117542.0,"6,3"
1392117542.0,1392117542.0,6
1392117542.0,1392117542.0,3
1392117543.0,1392117543.0,"6,3"
1392117543.0,1392117543.0,6
1392117543.0,1392117543.0,3
1392117544.0,1392117544.0,"6,3"
1392117544.0,1392117544.0,6
1392117544.0,1392117544.0,3
1392117545.0,1392117545.0,"6,3"
1392117545.0,1392117545.0,6
1392117545.0,1392117545.0,3
1392117546.0,1392117546.0,"6,3"
1392117546.0,1392117546.0,6
1392117546.0,1392117546.0,3
1392117547.0,1392117547.0,"6,3"
1392117547.0,1392117547.0,6
1392117547.0,1392117547.0,3
1392117548.0,1392117548.0,"6,3"
1392117548.0,1392117548.0,6
1392117548.0,1392117548.0,3
1392117549.0,1392117549.0,"6,3"
1392117549.0,1392117549.0,6
1392117549.0,1392117549.0,3
1392117550.0,1392117550.0,"6,3"
1392117550.0,1392117550.0,6
1392117550.0,1392117550.0,3
1392117551.0,1392117551.0,"6,3"
1392117551.0,1392117551.0,6
1392117551.0,1392117551.0,3
1392117552.0,1392117552.0,"6,3"
1392117552.0,1392117552.0,6
1392117552.0,1392117552.0,3
1392117553.0,1392117553.0,"6,3"
1392117553.0,1392117553.0,6
1392117553.0,1392117553.0,3
1392117554.0,1392117554.0,"6,3"
1392117554.0,1392117554.0,6
1392117554.0,1392117554.0,3
1392117555.0,1392117555.0,"6,3"
1392117555.0,1392117555.0,6
1392117555.0,1392117555.0,3
1392117556.0,1392117556.0,"6,3"
1392117556.0,1392117556.0,6
1392117556.0,1392117556.0,3
1392117557.0,1392117557.0,"6,3"
1392117557.0,1392117557.0,6
1392117557.0,1392117557.0,3
1392117558.0,1392117558.0,"6,3"
1392117558.0,1392117558.0,6
1392117558.0,1392117558.0,3
1392117559.0,1392117559.0,"6,3"
1392117559.0,1392117559.0,6
1392117559.0,1392117559.0,3
1392117560.0,1392117560.0,"6,3"
1392117560.0,1392117560.0,6
1392117560.0,1392117560.0,3
1392117561.0,1392117561.0,"6,3"
1392117561.0,1392117561.0,6
1392117561.0,1392117561.0,3
1392117562.0,1392117562.0,"6,3"
1392117562.0,1392117562.0,6
1392117562.0,1392117562.0,3
1392117563.0,1392117563.0,"6,3"
1392117563.0,1392117563.0,6
1392117563.0,1392117563.0,3
1392117564.0,1392117564.0,"6,3"
1392117564.0,1392117564.0,6
1392117564.0,1392117564.0,3
1392117565.0,1392117565.0,"6,3"
1392117565.0,1392117565.0,6
1392117565.0,1392117565.0,3
1392117566.0,1392117566.0,"6,3"
1392117566.0,1392117566.0,6
1392117566.0,1392117566.0,3
1392117567.0,1392117567.0,"6,3"
1392117567.0,1392117567.0,6
1392117567.0,1392117567.0,3
1392117568.0,1392117568.0,"6,3"
1392117568.0,1392117568.0,6
1392117568.0,1392117568.0,3
1392117569.0,1392117569.0,"6,3"
1392117569.0,1392117569.0,6
1392117569.0,1392117569.0,3
1392117570.0,1392117570.0,"6,3"
1392117570.0,1392117570.0,6
1392117570.0,1392117570.0,3
1392117571.0,1392117571.0,"6,3"
1392117571.0,1392117571.0,6
1392117571.0,1392117571.0,3
1392117572.0,1392117572.0,"6,3"
1392117572.0,1392117572.0,6
1392117572.0,1392117572.0,3
1392117573.0,1392117573.0,"6,3"
1392117573.0,1392117573.0,6
1392117573.0,1392117573.0,3
1392117574.0,1392117574.0,"6,3"
1392117574.0,1392117574.0,6
1392117574.0,1392117574.0,3
1392117575.0,1392117575.0,"6,3"
1392117575.0,1392117575.0,6
1392117575.0,1392117575.0,3
1392117576.0,1392117576.0,"6,3"
1392117576.0,1392117576.0,6
1392117576.0,1392117576.0,3
1392117577.0,1392117577.0,"6,3"
1392117577.0,1392117577.0,6
1392117577.0,1392117577.0,3
1392117578.0,1392117578.0,"6,3"
1392117578.0,1392117578.0,6
1392117578.0,1392117578.0,3
1392117579.0,1392117579.0,"6,3"
1392117579.0,1392117579.0,6
1392117579.0,1392117579.0,3
1392117580.0,1392117580.0,"6,3"
1392117580.0,1392117580.0,6
1392117580.0,1392117580.0,3
1392117581.0,1392117581.0,"6,3"
1392117581.0,1392117581.0,6
1392117581.0,1392117581.0,3
1392117582.0,1392117582.0,"6,3"
1392117582.0,1392117582.0,6
1392117582.0,1392117582.0,3
1392117583.0,1392117583.0,"6,3"
1392117583.0,1392117583.0,6
1392117583.0,1392117583.0,3
1392117584.0,1392117584.0,"6,3"
1392117584.0,1392117584.0,6
1392117584.0,1392117584.0,3
1392117585.0,1392117585.0,"6,3"
1392117585.0,1392117585.0,6
1392117585.0,1392117585.0,3
1392117586.0,1392117586.0,"6,3"
1392117586.0,1392117586.0,6
1392117586.0,1392117586.0,3
1392117587.0,1392117587.0,"6,3"
1392117587.0,1392117587.0,6
1392117587.0,1392117587.0,3
1392117588.0,1392117588.0,"6,3"
1392117588.0,1392117588.0,6
1392117588.0,1392117588.0,3
1392117589.0,1392117589.0,"6,3"
1392117589.0,1392117589.0,6
1392117589.0,1392117589.0,3
1392117590.0,1392117590.0,"6,3"
1392117590.0,1392117590.0,6
1392117590.0,1392117590.0,3
1392117591.0,1392117591.0,"6,3"
1392117591.0,1392117591.0,6
1392117591.0,1392117591.0,3
1392117592.0,1392117592.0,"6,3"
1392117592.0,1392117592.0,6
1392117592.0,1392117592.0,3
1392117593.0,1392117593.0,"6,3"
1392117593.0,1392117593.0,6
1392117593.0,1392117593.0,3
1392117594.0,1392117594.0,"6,3"
1392117594.0,1392117594.0,6
1392117594.0,1392117594.0,3
1392117595.0,1392117595.0,"6,3"
1392117595.0,1392117595.0,6
1392117595.0,1392117595.0,3
1392117596.0,1392117596.0,"6,3"
1392117596.0,1392117596.0,6
1392117596.0,1392117596.0,3
1392117597.0,1392117597.0,"6,3"
1392117597.0,1392117597.0,6
1392117597.0,1392117597.0,3
1392117598.0,1392117598.0,"6,3"
1392117598.0,1392117598.0,6
1392117598.0,1392117598.0,3
1392117599.0,1392117599.0,"6,3"
1392117599.0,1392117599.0,6
1392117599.0,1392117599.0,3
1392117600.0,1392117600.0,"6,3"
1392117600.0,1392117600.0,6
1392117600.0,1392117600.0,3
1392117601.0,1392117601.0,"6,3"
1392117601.0,1392117601.0,6
1392117601.0,1392117601.0,3
1392117602.0,1392117602.0,"6,3"
1392117602.0,1392117602.0,6
1392117602.0,1392117602.0,3
1392117603.0,1392117603.0,"6,3"
1392117603.0,1392117603.0,6
1392117603.0,1392117603.0,3
1392117604.0,1392117604.0,"6,3"
1392117604.0,1392117604.0,6
1392117604.0,1392117604.0,3
1392117605.0,1392117605.0,"6,3"
1392117605.0,1392117605.0,6
1392117605.0,1392117605.0,3
1392117606.0,1392117606.0,"6,3"
1392117606.0,1392117606.0,6
1392117606.0,1392117606.0,3
1392117607.0,1392117607.0,"6,3"
1392117607.0,1392117607.0,6
1392117607.0,1392117607.0,3
1392117608.0,1392117608.0,"6,3"
1392117608.0,1392117608.0,6
1392117608.0,1392117608.0,3
1392117609.0,1392117609.0,"6,3"
1392117609.0,1392117609.0,6
1392117609.0,1392117609.0,3
1392117610.0,1392117610.0,"6,3"
1392117610.0,1392117610.0,6
1392117610.0,1392117610.0,3
1392117611.0,1392117611.0,"6,3"
1392117611.0,1392117611.0,6
1392117611.0,1392117611.0,3
1392117612.0,1392117612.0,"6,3"
1392117612.0,1392117612.0,6
1392117612.0,1392117612.0,3
1392117613.0,1392117613.0,"6,3"
1392117613.0,1392117613.0,6
1392117613.0,1392117613.0,3
1392117614.0,1392117614.0,"6,3"
1392117614.0,1392117614.0,6
1392117614.0,1392117614.0,3
1392117615.0,1392117615.0,"6,3"
1392117615.0,1392117615.0,6
1392117615.0,1392117615.0,3
1392117616.0,1392117616.0,"6,3"
1392117616.0,1392117616.0,6
1392117616.0,1392117616.0,3
1392117617.0,1392117617.0,"6,3"
1392117617.0,1392117617.0,6
1392117617.0,1392117617.0,3
1392117618.0,1392117618.0,"6,3"
1392117618.0,1392117618.0,6
1392117618.0,1392117618.0,3
1392117619.0,1392117619.0,"6,3"
1392117619.0,1392117619.0,6
1392117619.0,1392117619.0,3
1392117620.0,1392117620.0,"6,3"
1392117620.0,1392117620.0,6
1392117620.0,1392117620.0,3
1392117621.0,1392117621.0,"6,3"
1392117621.0,1392117621.0,6
1392117621.0,1392117621.0,3
1392117622.0,1392117622.0,"6,3"
1392117622.0,1392117622.0,6
1392117622.0,1392117622.0,3
1392117623.0,1392117623.0,"6,3"
1392117623.0,1392117623.0,6
1392117623.0,1392117623.0,3
1392117624.0,1392117624.0,"6,3"
1392117624.0,1392117624.0,6
1392117624.0,1392117624.0,3
1392117625.0,1392117625.0,"6,3"
1392117625.0,1392117625.0,6
1392117625.0,1392117625.0,3
1392117626.0,1392117626.0,"6,3"
1392117626.0,1392117626.0,6
1392117626.0,1392117626.0,3
1392117627.0,1392117627.0,"6,3"
1392117627.0,1392117627.0,6
1392117627.0,1392117627.0,3
1392117628.0,1392117628.0,"6,3"
1392117628.0,1392117628.0,6
1392117628.0,1392117628.0,3
1392117629.0,1392117629.0,"6,3"
1392117629.0,1392117629.0,6
1392117629.0,1392117629.0,3
1392117630.0,1392117630.0,"6,3"
1392117630.0,1392117630.0,6
1392117630.0,1392117630.0,3
1392117631.0,1392117631.0,"6,3"
1392117631.0,1392117631.0,6
1392117631.0,1392117631.0,3
1392117632.0,1392117632.0,"6,3"
1392117632.0,1392117632.0,6
1392117632.0,1392117632.0,3
1392117633.0,1392117633.0,"6,3"
1392117633.0,1392117633.0,6
1392117633.0,1392117633.0,3
1392117634.0,1392117634.0,"6,3"
1392117634.0,1392117634.0,6
1392117634.0,1392117634.0,3
1392117635.0,1392117635.0,"6,3"
1392117635.0,1392117635.0,6
1392117635.0,1392117635.0,3
1392117636.0,1392117636.0,"6,3"
1392117636.0,1392117636.0,6
1392117636.0,1392117636.0,3
1392117637.0,1392117637.0,"6,3"
1392117637.0,1392117637.0,6
1392117637.0,1392117637.0,3
1392117638.0,1392117638.0,"6,3"
1392117638.0,1392117638.0,6
1392117638.0,1392117638.0,3
1392117639.0,1392117639.0,"6,3"
1392117639.0,1392117639.0,6
1392117639.0,1392117639.0,3
1392117640.0,1392117640.0,"6,3"
1392117640.0,1392117640.0,6
1392117640.0,1392117640.0,3
1392117641.0,1392117641.0,"6,3"
1392117641.0,1392117641.0,6
1392117641.0,1392117641.0,3
1392117642.0,1392117642.0,"6,3"
1392117642.0,1392117642.0,6
1392117642.0,1392117642.0,3
1392117643.0,1392117643.0,"6,3"
1392117643.0,1392117643.0,6
1392117643.0,1392117643.0,3
1392117644.0,1392117644.0,"6,3"
1392117644.0,1392117644.0,6
1392117644.0,1392117644.0,3
1392117645.0,1392117645.0,"6,3"
1392117645.0,1392117645.0,6
1392117645.0,1392117645.0,3
1392117646.0,1392117646.0,"6,3"
1392117646.0,1392117646.0,6
1392117646.0,1392117646.0,3
1392117647.0,1392117647.0,"6,3"
1392117647.0,1392117647.0,6
1392117647.0,1392117647.0,3
1392117648.0,1392117648.0,"6,3"
1392117648.0,1392117648.0,6
1392117648.0,1392117648.0,3
1392117649.0,1392117649.0,"6,3"
1392117649.0,1392117649.0,6
1392117649.0,1392117649.0,3
1392117650.0,1392117650.0,"6,3"
1392117650.0,1392117650.0,6
1392117650.0,1392117650.0,3
1392117651.0,1392117651.0,"6,3"
1392117651.0,1392117651.0,6
1392117651.0,1392117651.0,3
1392117652.0,1392117652.0,"6,3"
1392117652.0,1392117652.0,6
1392117652.0,1392117652.0,3
1392117653.0,1392117653.0,"6,3"
1392117653.0,1392117653.0,6
1392117653.0,1392117653.0,3
1392117654.0,1392117654.0,"6,3"
1392117654.0,1392117654.0,6
1392117654.0,1392117654.0,3
1392117655.0,1392117655.0,"6,3"
1392117655.0,1392117655.0,6
1392117655.0,1392117655.0,3
1392117656.0,1392117656.0,"6,3"
1392117656.0,1392117656.0,6
1392117656.0,1392117656.0,3
1392117657.0,1392117657.0,"6,3"
1392117657.0,1392117657.0,6
1392117657.0,1392117657.0,3
1392117658.0,1392117658.0,"6,3"
1392117658.0,1392117658.0,6
1392117658.0,1392117658.0,3
1392117659.0,1392117659.0,"6,3"
1392117659.0,1392117659.0,6
1392117659.0,1392117659.0,3
1392117660.0,1392117660.0,"6,3"
1392117660.0,1392117660.0,6
1392117660.0,1392117660.0,3
1392117661.0,1392117661.0,"6,3"
1392117661.0,1392117661.0,6
1392117661.0,1392117661.0,3
1392117662.0,1392117662.0,"6,3"
1392117662.0,1392117662.0,6
1392117662.0,1392117662.0,3
1392117663.0,1392117663.0,"6,3"
1392117663.0,1392117663.0,6
1392117663.0,1392117663.0,3
1392117664.0,1392117664.0,"6,3"
1392117664.0,1392117664.0,6
1392117664.0,1392117664.0,3
1392117665.0,1392117665.0,"6,3"
1392117665.0,1392117665.0,6
1392117665.0,1392117665.0,3
1392117666.0,1392117666.0,"6,3"
1392117666.0,1392117666.0,6
1392117666.0,1392117666.0,3
1392117667.0,1392117667.0,"6,3"
1392117667.0,1392117667.0,6
1392117667.0,1392117667.0,3
1392117668.0,1392117668.0,"6,3"
1392117668.0,1392117668.0,6
1392117668.0,1392117668.0,3
1392117669.0,1392117669.0,"6,3"
1392117669.0,1392117669.0,6
1392117669.0,1392117669.0,3
1392117670.0,1392117670.0,"6,3"
1392117670.0,1392117670.0,6
1392117670.0,1392117670.0,3
1392117671.0,1392117671.0,"6,3"
1392117671.0,1392117671.0,6
1392117671.0,1392117671.0,3
1392117672.0,1392117672.0,"6,3"
1392117672.0,1392117672.0,6
1392117672.0,1392117672.0,3
1392117673.0,1392117673.0,"6,3"
1392117673.0,1392117673.0,6
1392117673.0,1392117673.0,3
1392117674.0,1392117674.0,"6,3"
1392117674.0,1392117674.0,6
1392117674.0,1392117674.0,3
1392117675.0,1392117675.0,"6,3"
1392117675.0,1392117675.0,6
1392117675.0,1392117675.0,3
1392117676.0,1392117676.0,"6,3"
1392117676.0,1392117676.0,6
1392117676.0,1392117676.0,3
1392117677.0,1392117677.0,"6,3"
1392117677.0,1392117677.0,6
1392117677.0,1392117677.0,3
1392117678.0,1392117678.0,"6,3"
1392117678.0,1392117678.0,6
1392117678.0,1392117678.0,3
1392117679.0,1392117679.0,"6,3"
1392117679.0,1392117679.0,6
1392117679.0,1392117679.0,3
1392117680.0,1392117680.0,"6,3"
1392117680.0,1392117680.0,6
1392117680.0,1392117680.0,3
1392117681.0,1392117681.0,"6,3"
1392117681.0,1392117681.0,6
1392117681.0,1392117681.0,3
1392117682.0,1392117682.0,"6,3"
1392117682.0,1392117682.0,6
1392117682.0,1392117682.0,3
1392117683.0,1392117683.0,"6,3"
1392117683.0,1392117683.0,6
1392117683.0,1392117683.0,3
1392117684.0,1392117684.0,"6,3"
1392117684.0,1392117684.0,6
1392117684.0,1392117684.0,3
1392117685.0,1392117685.0,"6,3"
1392117685.0,1392117685.0,6
1392117685.0,1392117685.0,3
1392117686.0,1392117686.0,"6,3"
1392117686.0,1392117686.0,6
1392117686.0,1392117686.0,3
1392117687.0,1392117687.0,"6,3"
1392117687.0,1392117687.0,6
1392117687.0,1392117687.0,3
1392117688.0,1392117688.0,"6,3"
1392117688.0,1392117688.0,6
1392117688.0,1392117688.0,3
1392117689.0,1392117689.0,"6,3"
1392117689.0,1392117689.0,6
1392117689.0,1392117689.0,3
1392117690.0,1392117690.0,"6,3"
1392117690.0,1392117690.0,6
1392117690.0,1392117690.0,3
1392117691.0,1392117691.0,"6,3"
1392117691.0,1392117691.0,6
1392117691.0,1392117691.0,3
1392117692.0,1392117692.0,"6,3"
1392117692.0,1392117692.0,6
1392117692.0,1392117692.0,3
1392117693.0,1392117693.0,"6,3"
1392117693.0,1392117693.0,6
1392117693.0,1392117693.0,3
1392117694.0,1392117694.0,"6,3"
1392117694.0,1392117694.0,6
1392117694.0,1392117694.0,3
1392117695.0,1392117695.0,"6,3"
1392117695.0,1392117695.0,6
1392117695.0,1392117695.0,3
1392117696.0,1392117696.0,"6,3"
1392117696.0,1392117696.0,6
1392117696.0,1392117696.0,3
1392117697.0,1392117697.0,"6,3"
1392117697.0,1392117697.0,6
1392117697.0,1392117697.0,3
1392117698.0,1392117698.0,"6,3"
1392117698.0,1392117698.0,6
1392117698.0,1392117698.0,3
1392117699.0,1392117699.0,"6,3"
1392117699.0,1392117699.0,6
1392117699.0,1392117699.0,3
1392117700.0,1392117700.0,"6,3"
1392117700.0,1392117700.0,6
1392117700.0,1392117700.0,3
1392117701.0,1392117701.0,"6,3"
1392117701.0,1392117701.0,6
1392117701.0,1392117701.0,3
1392117702.0,1392117702.0,"6,3"
1392117702.0,1392117702.0,6
1392117702.0,1392117702.0,3
1392117703.0,1392117703.0,"6,3"
1392117703.0,1392117703.0,6
1392117703.0,1392117703.0,3
1392117704.0,1392117704.0,"6,3"
1392117704.0,1392117704.0,6
1392117704.0,1392117704.0,3
1392117705.0,1392117705.0,"6,3"
1392117705.0,1392117705.0,6
1392117705.0,1392117705.0,3
1392117706.0,1392117706.0,"6,3"
1392117706.0,1392117706.0,6
1392117706.0,1392117706.0,3
1392117707.0,1392117707.0,"6,3"
1392117707.0,1392117707.0,6
1392117707.0,1392117707.0,3
1392117708.0,1392117708.0,"6,3"
1392117708.0,1392117708.0,6
1392117708.0,1392117708.0,3
1392117709.0,1392117709.0,"6,3"
1392117709.0,1392117709.0,6
1392117709.0,1392117709.0,3
1392117710.0,1392117710.0,"6,3"
1392117710.0,1392117710.0,6
1392117710.0,1392117710.0,3
1392117711.0,1392117711.0,"6,3"
1392117711.0,1392117711.0,6
1392117711.0,1392117711.0,3
1392117712.0,1392117712.0,"6,3"
1392117712.0,1392117712.0,6
1392117712.0,1392117712.0,3
1392117713.0,1392117713.0,"6,3"
1392117713.0,1392117713.0,6
1392117713.0,1392117713.0,3
1392117714.0,1392117714.0,"6,3"
1392117714.0,1392117714.0,6
1392117714.0,1392117714.0,3
1392117715.0,1392117715.0,"6,3"
1392117715.0,1392117715.0,6
1392117715.0,1392117715.0,3
1392117716.0,1392117716.0,"6,3"
1392117716.0,1392117716.0,6
1392117716.0,1392117716.0,3
1392117717.0,1392117717.0,"6,3"
1392117717.0,1392117717.0,6
1392117717.0,1392117717.0,3
1392117718.0,1392117718.0,"6,3"
1392117718.0,1392117718.0,6
1392117718.0,1392117718.0,3
1392117719.0,1392117719.0,"6,3"
1392117719.0,1392117719.0,6
1392117719.0,1392117719.0,3
1392117720.0,1392117720.0,"6,3"
1392117720.0,1392117720.0,6
1392117720.0,1392117720.0,3
1392117721.0,1392117721.0,"6,3"
1392117721.0,1392117721.0,6
1392117721.0,1392117721.0,3
1392117722.0,1392117722.0,"6,3"
1392117722.0,1392117722.0,6
1392117722.0,1392117722.0,3
1392117723.0,1392117723.0,"6,3"
1392117723.0,1392117723.0,6
1392117723.0,1392117723.0,3
1392117724.0,1392117724.0,"6,3"
1392117724.0,1392117724.0,6
1392117724.0,1392117724.0,3
1392117725.0,1392117725.0,"6,3"
1392117725.0,1392117725.0,6
1392117725.0,1392117725.0,3
1392117726.0,1392117726.0,"6,3"
1392117726.0,1392117726.0,6
1392117726.0,1392117726.0,3
1392117727.0,1392117727.0,"6,3"
1392117727.0,1392117727.0,6
1392117727.0,1392117727.0,3
1392117728.0,1392117728.0,"6,3"
1392117728.0,1392117728.0,6
1392117728.0,1392117728.0,3
1392117729.0,1392117729.0,"6,3"
1392117729.0,1392117729.0,6
1392117729.0,1392117729.0,3
1392117730.0,1392117730.0,"6,3"
1392117730.0,1392117730.0,6
1392117730.0,1392117730.0,3
1392117731.0,1392117731.0,"6,3"
1392117731.0,1392117731.0,6
1392117731.0,1392117731.0,3
1392117732.0,1392117732.0,"6,3"
1392117732.0,1392117732.0,6
1392117732.0,1392117732.0,3
1392117733.0,1392117733.0,"6,3"
1392117733.0,1392117733.0,6
1392117733.0,1392117733.0,3
1392117734.0,1392117734.0,"6,3"
1392117734.0,1392117734.0,6
1392117734.0,1392117734.0,3
1392117735.0,1392117735.0,"6,3"
1392117735.0,1392117735.0,6
1392117735.0,1392117735.0,3
1392117736.0,1392117736.0,"6,3"
1392117736.0,1392117736.0,6
1392117736.0,1392117736.0,3
1392117737.0,1392117737.0,"6,3"
1392117737.0,1392117737.0,6
1392117737.0,1392117737.0,3
1392117738.0,1392117738.0,"6,3"
1392117738.0,1392117738.0,6
1392117738.0,1392117738.0,3
1392117739.0,1392117739.0,"6,3"
1392117739.0,1392117739.0,6
1392117739.0,1392117739.0,3
1392117740.0,1392117740.0,"6,3"
1392117740.0,1392117740.0,6
1392117740.0,1392117740.0,3
1392117741.0,1392117741.0,"6,3"
1392117741.0,1392117741.0,6
1392117741.0,1392117741.0,3
1392117742.0,1392117742.0,"6,3"
1392117742.0,1392117742.0,6
1392117742.0,1392117742.0,3
1392117743.0,1392117743.0,"6,3"
1392117743.0,1392117743.0,6
1392117743.0,1392117743.0,3
1392117744.0,1392117744.0,"6,3"
1392117744.0,1392117744.0,6
1392117744.0,1392117744.0,3
1392117745.0,1392117745.0,"6,3"
1392117745.0,1392117745.0,6
1392117745.0,1392117745.0,3
1392117746.0,1392117746.0,"6,3"
1392117746.0,1392117746.0,6
1392117746.0,1392117746.0,3
1392117747.0,1392117747.0,"6,3"
1392117747.0,1392117747.0,6
1392117747.0,1392117747.0,3
1392117748.0,1392117748.0,"6,3"
1392117748.0,1392117748.0,6
1392117748.0,1392117748.0,3
1392117749.0,1392117749.0,"6,3"
1392117749.0,1392117749.0,6
1392117749.0,1392117749.0,3
1392117750.0,1392117750.0,"6,3"
1392117750.0,1392117750.0,6
1392117750.0,1392117750.0,3
1392117751.0,1392117751.0,"6,3"
1392117751.0,1392117751.0,6
1392117751.0,1392117751.0,3
1392117752.0,1392117752.0,"6,3"
1392117752.0,1392117752.0,6
1392117752.0,1392117752.0,3
1392117753.0,1392117753.0,"6,3"
1392117753.0,1392117753.0,6
1392117753.0,1392117753.0,3
1392117754.0,1392117754.0,"6,3"
1392117754.0,1392117754.0,6
1392117754.0,1392117754.0,3
1392117755.0,1392117755.0,"6,3"
1392117755.0,1392117755.0,6
1392117755.0,1392117755.0,3
1392117756.0,1392117756.0,"6,3"
1392117756.0,1392117756.0,6
1392117756.0,1392117756.0,3
1392117757.0,1392117757.0,"6,3"
1392117757.0,1392117757.0,6
1392117757.0,1392117757.0,3
1392117758.0,1392117758.0,"6,3"
1392117758.0,1392117758.0,6
1392117758.0,1392117758.0,3
1392117759.0,1392117759.0,"6,3"
1392117759.0,1392117759.0,6
1392117759.0,1392117759.0,3
1392117760.0,1392117760.0,"6,3"
1392117760.0,1392117760.0,6
1392117760.0,1392117760.0,3
1392117761.0,1392117761.0,"6,3"
1392117761.0,1392117761.0,6
1392117761.0,1392117761.0,3
1392117762.0,1392117762.0,"6,3"
1392117762.0,1392117762.0,6
1392117762.0,1392117762.0,3
1392117763.0,1392117763.0,"6,3"
1392117763.0,1392117763.0,6
1392117763.0,1392117763.0,3
1392117764.0,1392117764.0,"6,3"
1392117764.0,1392117764.0,6
1392117764.0,1392117764.0,3
1392117765.0,1392117765.0,"6,3"
1392117765.0,1392117765.0,6
1392117765.0,1392117765.0,3
1392117766.0,1392117766.0,"6,3"
1392117766.0,1392117766.0,6
1392117766.0,1392117766.0,3
1392117767.0,1392117767.0,"6,3"
1392117767.0,1392117767.0,6
1392117767.0,1392117767.0,3
1392117768.0,1392117768.0,"6,3"
1392117768.0,1392117768.0,6
1392117768.0,1392117768.0,3
1392117769.0,1392117769.0,"6,3"
1392117769.0,1392117769.0,6
1392117769.0,1392117769.0,3
1392117770.0,1392117770.0,"6,3"
1392117770.0,1392117770.0,6
1392117770.0,1392117770.0,3
1392117771.0,1392117771.0,"6,3"
1392117771.0,1392117771.0,6
1392117771.0,1392117771.0,3
1392117772.0,1392117772.0,"6,3"
1392117772.0,1392117772.0,6
1392117772.0,1392117772.0,3
1392117773.0,1392117773.0,"6,3"
1392117773.0,1392117773.0,6
1392117773.0,1392117773.0,3
1392117774.0,1392117774.0,"6,3"
1392117774.0,1392117774.0,6
1392117774.0,1392117774.0,3
1392117775.0,1392117775.0,"6,3"
1392117775.0,1392117775.0,6
1392117775.0,1392117775.0,3
1392117776.0,1392117776.0,"6,3"
1392117776.0,1392117776.0,6
1392117776.0,1392117776.0,3
1392117777.0,1392117777.0,"6,3"
1392117777.0,1392117777.0,6
1392117777.0,1392117777.0,3
1392117778.0,1392117778.0,"6,3"
1392117778.0,1392117778.0,6
1392117778.0,1392117778.0,3
1392117779.0,1392117779.0,"6,3"
1392117779.0,1392117779.0,6
1392117779.0,1392117779.0,3
1392117780.0,1392117780.0,"6,3"
1392117780.0,1392117780.0,6
1392117780.0,1392117780.0,3
1392117781.0,1392117781.0,"6,3"
1392117781.0,1392117781.0,6
1392117781.0,1392117781.0,3
1392117782.0,1392117782.0,"6,3"
1392117782.0,1392117782.0,6
1392117782.0,1392117782.0,3
1392117783.0,1392117783.0,"6,3"
1392117783.0,1392117783.0,6
1392117783.0,1392117783.0,3
1392117784.0,1392117784.0,"6,3"
1392117784.0,1392117784.0,6
1392117784.0,1392117784.0,3
1392117785.0,1392117785.0,"6,3"
1392117785.0,1392117785.0,6
1392117785.0,1392117785.0,3
1392117786.0,1392117786.0,"6,3"
1392117786.0,1392117786.0,6
1392117786.0,1392117786.0,3
1392117787.0,1392117787.0,"6,3"
1392117787.0,1392117787.0,6
1392117787.0,1392117787.0,3
1392117788.0,1392117788.0,"6,3"
1392117788.0,1392117788.0,6
1392117788.0,1392117788.0,3
1392117789.0,1392117789.0,"6,3"
1392117789.0,1392117789.0,6
1392117789.0,1392117789.0,3
1392117790.0,1392117790.0,"6,3"
1392117790.0,1392117790.0,6
1392117790.0,1392117790.0,3
1392117791.0,1392117791.0,"6,3"
1392117791.0,1392117791.0,6
1392117791.0,1392117791.0,3
1392117792.0,1392117792.0,"6,3"
1392117792.0,1392117792.0,6
1392117792.0,1392117792.0,3
1392117793.0,1392117793.0,"6,3"
1392117793.0,1392117793.0,6
1392117793.0,1392117793.0,3
1392117794.0,1392117794.0,"6,3"
1392117794.0,1392117794.0,6
1392117794.0,1392117794.0,3
1392117795.0,1392117795.0,"6,3"
1392117795.0,1392117795.0,6
1392117795.0,1392117795.0,3
1392117796.0,1392117796.0,"6,3"
1392117796.0,1392117796.0,6
1392117796.0,1392117796.0,3
1392117797.0,1392117797.0,"6,3"
1392117797.0,1392117797.0,6
1392117797.0,1392117797.0,3
1392117798.0,1392117798.0,"6,3"
1392117798.0,1392117798.0,6
1392117798.0,1392117798.0,3
1392117799.0,1392117799.0,"6,3"
1392117799.0,1392117799.0,6
1392117799.0,1392117799.0,3
1392117800.0,1392117800.0,"6,3"
1392117800.0,1392117800.0,6
1392117800.0,1392117800.0,3
1392117801.0,1392117801.0,"6,3"
1392117801.0,1392117801.0,6
1392117801.0,1392117801.0,3
1392117802.0,1392117802.0,"6,3"
1392117802.0,1392117802.0,6
1392117802.0,1392117802.0,3
1392117803.0,1392117803.0,"6,3"
1392117803.0,1392117803.0,6
1392117803.0,1392117803.0,3
1392117804.0,1392117804.0,"6,3"
1392117804.0,1392117804.0,6
1392117804.0,1392117804.0,3
1392117805.0,1392117805.0,"6,3"
1392117805.0,1392117805.0,6
1392117805.0,1392117805.0,3
1392117806.0,1392117806.0,"6,3"
1392117806.0,1392117806.0,6
1392117806.0,1392117806.0,3
1392117807.0,1392117807.0,"6,3"
1392117807.0,1392117807.0,6
1392117807.0,1392117807.0,3
1392117808.0,1392117808.0,"6,3"
1392117808.0,1392117808.0,6
1392117808.0,1392117808.0,3
1392117809.0,1392117809.0,"6,3"
1392117809.0,1392117809.0,6
1392117809.0,1392117809.0,3
1392117810.0,1392117810.0,"6,3"
1392117810.0,1392117810.0,6
1392117810.0,1392117810.0,3
1392117811.0,1392117811.0,"6,3"
1392117811.0,1392117811.0,6
1392117811.0,1392117811.0,3
1392117812.0,1392117812.0,"6,3"
1392117812.0,1392117812.0,6
1392117812.0,1392117812.0,3
1392117813.0,1392117813.0,"6,3"
1392117813.0,1392117813.0,6
1392117813.0,1392117813.0,3
1392117814.0,1392117814.0,"6,3"
1392117814.0,1392117814.0,6
1392117814.0,1392117814.0,3
1392117815.0,1392117815.0,"6,3"
1392117815.0,1392117815.0,6
1392117815.0,1392117815.0,3
1392117816.0,1392117816.0,"6,3"
1392117816.0,1392117816.0,6
1392117816.0,1392117816.0,3
1392117817.0,1392117817.0,"6,3"
1392117817.0,1392117817.0,6
1392117817.0,1392117817.0,3
1392117818.0,1392117818.0,"6,3"
1392117818.0,1392117818.0,6
1392117818.0,1392117818.0,3
1392117819.0,1392117819.0,"6,3"
1392117819.0,1392117819.0,6
1392117819.0,1392117819.0,3
1392117820.0,1392117820.0,"6,3"
1392117820.0,1392117820.0,6
1392117820.0,1392117820.0,3
1392117821.0,1392117821.0,"6,3"
1392117821.0,1392117821.0,6
1392117821.0,1392117821.0,3
1392117822.0,1392117822.0,"6,3"
1392117822.0,1392117822.0,6
1392117822.0,1392117822.0,3
1392117823.0,1392117823.0,"6,3"
1392117823.0,1392117823.0,6
1392117823.0,1392117823.0,3
1392117824.0,1392117824.0,"6,3"
1392117824.0,1392117824.0,6
1392117824.0,1392117824.0,3
1392117825.0,1392117825.0,"6,3"
1392117825.0,1392117825.0,6
1392117825.0,1392117825.0,3
1392117826.0,1392117826.0,"6,3"
1392117826.0,1392117826.0,6
1392117826.0,1392117826.0,3
1392117827.0,1392117827.0,"6,3"
1392117827.0,1392117827.0,6
1392117827.0,1392117827.0,3
1392117828.0,1392117828.0,"6,3"
1392117828.0,1392117828.0,6
1392117828.0,1392117828.0,3
1392117829.0,1392117829.0,"6,3"
1392117829.0,1392117829.0,6
1392117829.0,1392117829.0,3
1392117830.0,1392117830.0,"6,3"
1392117830.0,1392117830.0,6
1392117830.0,1392117830.0,3
1392117831.0,1392117831.0,"6,3"
1392117831.0,1392117831.0,6
1392117831.0,1392117831.0,3
1392117832.0,1392117832.0,"6,3"
1392117832.0,1392117832.0,6
1392117832.0,1392117832.0,3
1392117833.0,1392117833.0,"6,3"
1392117833.0,1392117833.0,6
1392117833.0,1392117833.0,3
1392117834.0,1392117834.0,"6,3"
1392117834.0,1392117834.0,6
1392117834.0,1392117834.0,3
1392117835.0,1392117835.0,"6,3"
1392117835.0,1392117835.0,6
1392117835.0,1392117835.0,3
1392117836.0,1392117836.0,"6,3"
1392117836.0,1392117836.0,6
1392117836.0,1392117836.0,3
1392117837.0,1392117837.0,"6,3"
1392117837.0,1392117837.0,6
1392117837.0,1392117837.0,3
1392117838.0,1392117838.0,"6,3"
1392117838.0,1392117838.0,6
1392117838.0,1392117838.0,3
1392117839.0,1392117839.0,"6,3"
1392117839.0,1392117839.0,6
1392117839.0,1392117839.0,3
1392117840.0,1392117840.0,"6,3"
1392117840.0,1392117840.0,6
1392117840.0,1392117840.0,3
1392117841.0,1392117841.0,"6,3"
1392117841.0,1392117841.0,6
1392117841.0,1392117841.0,3
1392117842.0,1392117842.0,"6,3"
1392117842.0,1392117842.0,6
1392117842.0,1392117842.0,3
1392117843.0,1392117843.0,"6,3"
1392117843.0,1392117843.0,6
1392117843.0,1392117843.0,3
1392117844.0,1392117844.0,"6,3"
1392117844.0,1392117844.0,6
1392117844.0,1392117844.0,3
1392117845.0,1392117845.0,"6,3"
1392117845.0,1392117845.0,6
1392117845.0,1392117845.0,3
1392117846.0,1392117846.0,"6,3"
1392117846.0,1392117846.0,6
1392117846.0,1392117846.0,3
1392117847.0,1392117847.0,"6,3"
1392117847.0,1392117847.0,6
1392117847.0,1392117847.0,3
1392117848.0,1392117848.0,"6,3"
1392117848.0,1392117848.0,6
1392117848.0,1392117848.0,3
1392117849.0,1392117849.0,"6,3"
1392117849.0,1392117849.0,6
1392117849.0,1392117849.0,3
1392117850.0,1392117850.0,"6,3"
1392117850.0,1392117850.0,6
1392117850.0,1392117850.0,3
1392117851.0,1392117851.0,"6,3"
1392117851.0,1392117851.0,6
1392117851.0,1392117851.0,3
1392117852.0,1392117852.0,"6,3"
1392117852.0,1392117852.0,6
1392117852.0,1392117852.0,3
1392117853.0,1392117853.0,"6,3"
1392117853.0,1392117853.0,6
1392117853.0,1392117853.0,3
1392117854.0,1392117854.0,"6,3"
1392117854.0,1392117854.0,6
1392117854.0,1392117854.0,3
1392117855.0,1392117855.0,"6,3"
1392117855.0,1392117855.0,6
1392117855.0,1392117855.0,3
1392117856.0,1392117856.0,"6,3"
1392117856.0,1392117856.0,6
1392117856.0,1392117856.0,3
1392117857.0,1392117857.0,"6,3"
1392117857.0,1392117857.0,6
1392117857.0,1392117857.0,3
1392117858.0,1392117858.0,"6,3"
1392117858.0,1392117858.0,6
1392117858.0,1392117858.0,3
1392117859.0,1392117859.0,"6,3"
1392117859.0,1392117859.0,6
1392117859.0,1392117859.0,3
1392117860.0,1392117860.0,"6,3"
1392117860.0,1392117860.0,6
1392117860.0,1392117860.0,3
1392117861.0,1392117861.0,"6,3"
1392117861.0,1392117861.0,6
1392117861.0,1392117861.0,3
1392117862.0,1392117862.0,"6,3"
1392117862.0,1392117862.0,6
1392117862.0,1392117862.0,3
1392117863.0,1392117863.0,"6,3"
1392117863.0,1392117863.0,6
1392117863.0,1392117863.0,3
1392117864.0,1392117864.0,"6,3"
1392117864.0,1392117864.0,6
1392117864.0,1392117864.0,3
1392117865.0,1392117865.0,"6,3"
1392117865.0,1392117865.0,6
1392117865.0,1392117865.0,3
1392117866.0,1392117866.0,"6,3"
1392117866.0,1392117866.0,6
1392117866.0,1392117866.0,3
1392117867.0,1392117867.0,"6,3"
1392117867.0,1392117867.0,6
1392117867.0,1392117867.0,3
1392117868.0,1392117868.0,"6,3"
1392117868.0,1392117868.0,6
1392117868.0,1392117868.0,3
1392117869.0,1392117869.0,"6,3"
1392117869.0,1392117869.0,6
1392117869.0,1392117869.0,3
1392117870.0,1392117870.0,"6,3"
1392117870.0,1392117870.0,6
1392117870.0,1392117870.0,3
1392117871.0,1392117871.0,"6,3"
1392117871.0,1392117871.0,6
1392117871.0,1392117871.0,3
1392117872.0,1392117872.0,"6,3"
1392117872.0,1392117872.0,6
1392117872.0,1392117872.0,3
1392117873.0,1392117873.0,"6,3"
1392117873.0,1392117873.0,6
1392117873.0,1392117873.0,3
1392117874.0,1392117874.0,"6,3"
1392117874.0,1392117874.0,6
1392117874.0,1392117874.0,3
1392117875.0,1392117875.0,"6,3"
1392117875.0,1392117875.0,6
1392117875.0,1392117875.0,3
1392117876.0,1392117876.0,"6,3"
1392117876.0,1392117876.0,6
1392117876.0,1392117876.0,3
1392117877.0,1392117877.0,"6,3"
1392117877.0,1392117877.0,6
1392117877.0,1392117877.0,3
1392117878.0,1392117878.0,"6,3"
1392117878.0,1392117878.0,6
1392117878.0,1392117878.0,3
1392117879.0,1392117879.0,"6,3"
1392117879.0,1392117879.0,6
1392117879.0,1392117879.0,3
1392117880.0,1392117880.0,"6,3"
1392117880.0,1392117880.0,6
1392117880.0,1392117880.0,3
1392117881.0,1392117881.0,"6,3"
1392117881.0,1392117881.0,6
1392117881.0,1392117881.0,3
1392117882.0,1392117882.0,"6,3"
1392117882.0,1392117882.0,6
1392117882.0,1392117882.0,3
1392117883.0,1392117883.0,"6,3"
1392117883.0,1392117883.0,6
1392117883.0,1392117883.0,3
1392117884.0,1392117884.0,"6,3"
1392117884.0,1392117884.0,6
1392117884.0,1392117884.0,3
1392117885.0,1392117885.0,"6,3"
1392117885.0,1392117885.0,6
1392117885.0,1392117885.0,3
1392117886.0,1392117886.0,"6,3"
1392117886.0,1392117886.0,6
1392117886.0,1392117886.0,3
1392117887.0,1392117887.0,"6,3"
1392117887.0,1392117887.0,6
1392117887.0,1392117887.0,3
1392117888.0,1392117888.0,"6,3"
1392117888.0,1392117888.0,6
1392117888.0,1392117888.0,3
1392117889.0,1392117889.0,"6,3"
1392117889.0,1392117889.0,6
1392117889.0,1392117889.0,3
1392117890.0,1392117890.0,"6,3"
1392117890.0,1392117890.0,6
1392117890.0,1392117890.0,3
1392117891.0,1392117891.0,"6,3"
1392117891.0,1392117891.0,6
1392117891.0,1392117891.0,3
1392117892.0,1392117892.0,"6,3"
1392117892.0,1392117892.0,6
1392117892.0,1392117892.0,3
1392117893.0,1392117893.0,"6,3"
1392117893.0,1392117893.0,6
1392117893.0,1392117893.0,3
1392117894.0,1392117894.0,"6,3"
1392117894.0,1392117894.0,6
1392117894.0,1392117894.0,3
1392117895.0,1392117895.0,"6,3"
1392117895.0,1392117895.0,6
1392117895.0,1392117895.0,3
1392117896.0,1392117896.0,"6,3"
1392117896.0,1392117896.0,6
1392117896.0,1392117896.0,3
1392117897.0,1392117897.0,"6,3"
1392117897.0,1392117897.0,6
1392117897.0,1392117897.0,3
1392117898.0,1392117898.0,"6,3"
1392117898.0,1392117898.0,6
1392117898.0,1392117898.0,3
1392117899.0,1392117899.0,"6,3"
1392117899.0,1392117899.0,6
1392117899.0,1392117899.0,3
1392117900.0,1392117900.0,"6,3"
1392117900.0,1392117900.0,6
1392117900.0,1392117900.0,3
1392117901.0,1392117901.0,"6,3"
1392117901.0,1392117901.0,6
1392117901.0,1392117901.0,3
1392117902.0,1392117902.0,"6,3"
1392117902.0,1392117902.0,6
1392117902.0,1392117902.0,3
1392117903.0,1392117903.0,"6,3"
1392117903.0,1392117903.0,6
1392117903.0,1392117903.0,3
1392117904.0,1392117904.0,"6,3"
1392117904.0,1392117904.0,6
1392117904.0,1392117904.0,3
1392117905.0,1392117905.0,"6,3"
1392117905.0,1392117905.0,6
1392117905.0,1392117905.0,3
1392117906.0,1392117906.0,"6,3"
1392117906.0,1392117906.0,6
1392117906.0,1392117906.0,3
1392117907.0,1392117907.0,"6,3"
1392117907.0,1392117907.0,6
1392117907.0,1392117907.0,3
1392117908.0,1392117908.0,"6,3"
1392117908.0,1392117908.0,6
1392117908.0,1392117908.0,3
1392117909.0,1392117909.0,"6,3"
1392117909.0,1392117909.0,6
1392117909.0,1392117909.0,3
1392117910.0,1392117910.0,"6,3"
1392117910.0,1392117910.0,6
1392117910.0,1392117910.0,3
1392117911.0,1392117911.0,"6,3"
1392117911.0,1392117911.0,6
1392117911.0,1392117911.0,3
1392117912.0,1392117912.0,"6,3"
1392117912.0,1392117912.0,6
1392117912.0,1392117912.0,3
1392117913.0,1392117913.0,"6,3"
1392117913.0,1392117913.0,6
1392117913.0,1392117913.0,3
1392117914.0,1392117914.0,"6,3"
1392117914.0,1392117914.0,6
1392117914.0,1392117914.0,3
1392117915.0,1392117915.0,"6,3"
1392117915.0,1392117915.0,6
1392117915.0,1392117915.0,3
1392117916.0,1392117916.0,"6,3"
1392117916.0,1392117916.0,6
1392117916.0,1392117916.0,3
1392117917.0,1392117917.0,"6,3"
1392117917.0,1392117917.0,6
1392117917.0,1392117917.0,3
1392117918.0,1392117918.0,"6,3"
1392117918.0,1392117918.0,6
1392117918.0,1392117918.0,3
1392117919.0,1392117919.0,"6,3"
1392117919.0,1392117919.0,6
1392117919.0,1392117919.0,3
1392117920.0,1392117920.0,"6,3"
1392117920.0,1392117920.0,6
1392117920.0,1392117920.0,3
1392117921.0,1392117921.0,"6,3"
1392117921.0,1392117921.0,6
1392117921.0,1392117921.0,3
1392117922.0,1392117922.0,"6,3"
1392117922.0,1392117922.0,6
1392117922.0,1392117922.0,3
1392117923.0,1392117923.0,"6,3"
1392117923.0,1392117923.0,6
1392117923.0,1392117923.0,3
1392117924.0,1392117924.0,"6,3"
1392117924.0,1392117924.0,6
1392117924.0,1392117924.0,3
1392117925.0,1392117925.0,"6,3"
1392117925.0,1392117925.0,6
1392117925.0,1392117925.0,3
1392117926.0,1392117926.0,"6,3"
1392117926.0,1392117926.0,6
1392117926.0,1392117926.0,3
1392117927.0,1392117927.0,"6,3"
1392117927.0,1392117927.0,6
1392117927.0,1392117927.0,3
1392117928.0,1392117928.0,"6,3"
1392117928.0,1392117928.0,6
1392117928.0,1392117928.0,3
1392117929.0,1392117929.0,"6,3"
1392117929.0,1392117929.0,6
1392117929.0,1392117929.0,3
1392117930.0,1392117930.0,"6,3"
1392117930.0,1392117930.0,6
1392117930.0,1392117930.0,3
1392117931.0,1392117931.0,"6,3"
1392117931.0,1392117931.0,6
1392117931.0,1392117931.0,3
1392117932.0,1392117932.0,"6,3"
1392117932.0,1392117932.0,6
1392117932.0,1392117932.0,3
1392117933.0,1392117933.0,"6,3"
1392117933.0,1392117933.0,6
1392117933.0,1392117933.0,3
1392117934.0,1392117934.0,"6,3"
1392117934.0,1392117934.0,6
1392117934.0,1392117934.0,3
1392117935.0,1392117935.0,"6,3"
1392117935.0,1392117935.0,6
1392117935.0,1392117935.0,3
1392117936.0,1392117936.0,"6,3"
1392117936.0,1392117936.0,6
1392117936.0,1392117936.0,3
1392117937.0,1392117937.0,"6,3"
1392117937.0,1392117937.0,6
1392117937.0,1392117937.0,3
1392117938.0,1392117938.0,"6,3"
1392117938.0,1392117938.0,6
1392117938.0,1392117938.0,3
1392117939.0,1392117939.0,"6,3"
1392117939.0,1392117939.0,6
1392117939.0,1392117939.0,3
1392117940.0,1392117940.0,"6,3"
1392117940.0,1392117940.0,6
1392117940.0,1392117940.0,3
1392117941.0,1392117941.0,"6,3"
1392117941.0,1392117941.0,6
1392117941.0,1392117941.0,3
1392117942.0,1392117942.0,"6,3"
1392117942.0,1392117942.0,6
1392117942.0,1392117942.0,3
1392117943.0,1392117943.0,"6,3"
1392117943.0,1392117943.0,6
1392117943.0,1392117943.0,3
1392117944.0,1392117944.0,"6,3"
1392117944.0,1392117944.0,6
1392117944.0,1392117944.0,3
1392117945.0,1392117945.0,"6,3"
1392117945.0,1392117945.0,6
1392117945.0,1392117945.0,3
1392117946.0,1392117946.0,"6,3"
1392117946.0,1392117946.0,6
1392117946.0,1392117946.0,3
1392117947.0,1392117947.0,"6,3"
1392117947.0,1392117947.0,6
1392117947.0,1392117947.0,3
1392117948.0,1392117948.0,"6,3"
1392117948.0,1392117948.0,6
1392117948.0,1392117948.0,3
1392117949.0,1392117949.0,"6,3"
1392117949.0,1392117949.0,6
1392117949.0,1392117949.0,3
1392117950.0,1392117950.0,"6,3"
1392117950.0,1392117950.0,6
1392117950.0,1392117950.0,3
1392117951.0,1392117951.0,"6,3"
1392117951.0,1392117951.0,6
1392117951.0,1392117951.0,3
1392117952.0,1392117952.0,"6,3"
1392117952.0,1392117952.0,6
1392117952.0,1392117952.0,3
1392117953.0,1392117953.0,"6,3"
1392117953.0,1392117953.0,6
1392117953.0,1392117953.0,3
1392117954.0,1392117954.0,"6,3"
1392117954.0,1392117954.0,6
1392117954.0,1392117954.0,3
1392117955.0,1392117955.0,"6,3"
1392117955.0,1392117955.0,6
1392117955.0,1392117955.0,3
1392117956.0,1392117956.0,"6,3"
1392117956.0,1392117956.0,6
1392117956.0,1392117956.0,3
1392117957.0,1392117957.0,"6,3"
1392117957.0,1392117957.0,6
1392117957.0,1392117957.0,3
1392117958.0,1392117958.0,"6,3"
1392117958.0,1392117958.0,6
1392117958.0,1392117958.0,3
1392117959.0,1392117959.0,"6,3"
1392117959.0,1392117959.0,6
1392117959.0,1392117959.0,3
1392117960.0,1392117960.0,"6,3"
1392117960.0,1392117960.0,6
1392117960.0,1392117960.0,3
1392117961.0,1392117961.0,"6,3"
1392117961.0,1392117961.0,6
1392117961.0,1392117961.0,3
1392117962.0,1392117962.0,"6,3"
1392117962.0,1392117962.0,6
1392117962.0,1392117962.0,3
1392117963.0,1392117963.0,"6,3"
1392117963.0,1392117963.0,6
1392117963.0,1392117963.0,3
1392117964.0,1392117964.0,"6,3"
1392117964.0,1392117964.0,6
1392117964.0,1392117964.0,3
1392117965.0,1392117965.0,"6,3"
1392117965.0,1392117965.0,6
1392117965.0,1392117965.0,3
1392117966.0,1392117966.0,"6,3"
1392117966.0,1392117966.0,6
1392117966.0,1392117966.0,3
1392117967.0,1392117967.0,"6,3"
1392117967.0,1392117967.0,6
1392117967.0,1392117967.0,3
1392117968.0,1392117968.0,"6,3"
1392117968.0,1392117968.0,6
1392117968.0,1392117968.0,3
1392117969.0,1392117969.0,"6,3"
1392117969.0,1392117969.0,6
1392117969.0,1392117969.0,3
1392117970.0,1392117970.0,"6,3"
1392117970.0,1392117970.0,6
1392117970.0,1392117970.0,3
1392117971.0,1392117971.0,"6,3"
1392117971.0,1392117971.0,6
1392117971.0,1392117971.0,3
1392117972.0,1392117972.0,"6,3"
1392117972.0,1392117972.0,6
1392117972.0,1392117972.0,3
1392117973.0,1392117973.0,"6,3"
1392117973.0,1392117973.0,6
1392117973.0,1392117973.0,3
1392117974.0,1392117974.0,"6,3"
1392117974.0,1392117974.0,6
1392117974.0,1392117974.0,3
1392117975.0,1392117975.0,"6,3"
1392117975.0,1392117975.0,6
1392117975.0,1392117975.0,3
1392117976.0,1392117976.0,"6,3"
1392117976.0,1392117976.0,6
1392117976.0,1392117976.0,3
1392117977.0,1392117977.0,"6,3"
1392117977.0,1392117977.0,6
1392117977.0,1392117977.0,3
1392117978.0,1392117978.0,"6,3"
1392117978.0,1392117978.0,6
1392117978.0,1392117978.0,3
1392117979.0,1392117979.0,"6,3"
1392117979.0,1392117979.0,6
1392117979.0,1392117979.0,3
1392117980.0,1392117980.0,"6,3"
1392117980.0,1392117980.0,6
1392117980.0,1392117980.0,3
1392117981.0,1392117981.0,"6,3"
1392117981.0,1392117981.0,6
1392117981.0,1392117981.0,3
1392117982.0,1392117982.0,"6,3"
1392117982.0,1392117982.0,6
1392117982.0,1392117982.0,3
1392117983.0,1392117983.0,"6,3"
1392117983.0,1392117983.0,6
1392117983.0,1392117983.0,3
1392117984.0,1392117984.0,"6,3"
1392117984.0,1392117984.0,6
1392117984.0,1392117984.0,3
1392117985.0,1392117985.0,"6,3"
1392117985.0,1392117985.0,6
1392117985.0,1392117985.0,3
1392117986.0,1392117986.0,"6,3"
1392117986.0,1392117986.0,6
1392117986.0,1392117986.0,3
1392117987.0,1392117987.0,"6,3"
1392117987.0,1392117987.0,6
1392117987.0,1392117987.0,3
1392117988.0,1392117988.0,"6,3"
1392117988.0,1392117988.0,6
1392117988.0,1392117988.0,3
1392117989.0,1392117989.0,"6,3"
1392117989.0,1392117989.0,6
1392117989.0,1392117989.0,3
1392117990.0,1392117990.0,"6,3"
1392117990.0,1392117990.0,6
1392117990.0,1392117990.0,3
1392117991.0,1392117991.0,"6,3"
1392117991.0,1392117991.0,6
1392117991.0,1392117991.0,3
1392117992.0,1392117992.0,"6,3"
1392117992.0,1392117992.0,6
1392117992.0,1392117992.0,3
1392117993.0,1392117993.0,"6,3"
1392117993.0,1392117993.0,6
1392117993.0,1392117993.0,3
1392117994.0,1392117994.0,"6,3"
1392117994.0,1392117994.0,6
1392117994.0,1392117994.0,3
1392117995.0,1392117995.0,"6,3"
1392117995.0,1392117995.0,6
1392117995.0,1392117995.0,3
1392117996.0,1392117996.0,"6,3"
1392117996.0,1392117996.0,6
1392117996.0,1392117996.0,3
1392117997.0,1392117997.0,"6,3"
1392117997.0,1392117997.0,6
1392117997.0,1392117997.0,3
1392117998.0,1392117998.0,"6,3"
1392117998.0,1392117998.0,6
1392117998.0,1392117998.0,3
1392117999.0,1392117999.0,"6,3"
1392117999.0,1392117999.0,6
1392117999.0,1392117999.0,3
1392118000.0,1392118000.0,"6,3"
1392118000.0,1392118000.0,6
1392118000.0,1392118000.0,3
1392118001.0,1392118001.0,"6,3"
1392118001.0,1392118001.0,6
1392118001.0,1392118638.0,3
1392118639.0,1392118639.0,"6,3"
1392118639.0,1392118639.0,6
1392118639.0,1392118639.0,3
1392118640.0,1392118640.0,"6,3"
1392118640.0,1392118640.0,6
1392118640.0,1392118640.0,3
1392118641.0,1392118641.0,"6,3"
1392118641.0,1392118641.0,6
1392118641.0,1392118641.0,3
1392118642.0,1392118642.0,"6,3"
1392118642.0,1392118642.0,6
1392118642.0,1392118642.0,3
1392118643.0,1392118643.0,"6,3"
1392118643.0,1392118643.0,6
1392118643.0,1392118643.0,3
1392118644.0,1392118644.0,"6,3"
1392118644.0,1392118644.0,6
1392118644.0,1392118644.0,3
1392118645.0,1392118645.0,"6,3"
1392118645.0,1392118645.0,6
1392118645.0,1392118645.0,3
1392118646.0,1392118646.0,"6,3"
1392118646.0,1392118646.0,6
1392118646.0,1392118646.0,3
1392118647.0,1392118647.0,"6,3"
1392118647.0,1392118647.0,6
1392118647.0,1392118647.0,3
1392118648.0,1392118648.0,"6,3"
1392118648.0,1392118648.0,6
1392118648.0,1392118648.0,3
1392118649.0,1392118649.0,"6,3"
1392118649.0,1392118649.0,6
1392118649.0,1392118649.0,3
1392118650.0,1392118650.0,"6,3"
1392118650.0,1392118650.0,6
1392118650.0,1392118650.0,3
1392118651.0,1392118651.0,"6,3"
1392118651.0,1392118651.0,6
1392118651.0,1392118651.0,3
1392118652.0,1392118652.0,"6,3"
1392118652.0,1392118652.0,6
1392118652.0,1392118652.0,3
1392118653.0,1392118653.0,"6,3"
1392118653.0,1392118653.0,6
1392118653.0,1392118653.0,3
1392118654.0,1392118654.0,"6,3"
1392118654.0,1392118654.0,6
1392118654.0,1392118654.0,3
1392118655.0,1392118655.0,"6,3"
1392118655.0,1392118655.0,6
1392118655.0,1392118655.0,3
1392118656.0,1392118656.0,"6,3"
1392118656.0,1392118656.0,6
1392118656.0,1392118656.0,3
1392118657.0,1392118657.0,"6,3"
1392118657.0,1392118657.0,6
1392118657.0,1392118657.0,3
1392118658.0,1392118658.0,"6,3"
1392118658.0,1392118658.0,6
1392118658.0,1392118658.0,3
1392118659.0,1392118659.0,"6,3"
1392118659.0,1392118659.0,6
1392118659.0,1392118659.0,3
1392118660.0,1392118660.0,"6,3"
1392118660.0,1392118660.0,6
1392118660.0,1392118660.0,3
1392118661.0,1392118661.0,"6,3"
1392118661.0,1392118661.0,6
1392118661.0,1392118661.0,3
1392118662.0,1392118662.0,"6,3"
1392118662.0,1392118662.0,6
1392118662.0,1392118662.0,3
1392118663.0,1392118663.0,"6,3"
1392118663.0,1392118663.0,6
1392118663.0,1392118663.0,3
1392118664.0,1392118664.0,"6,3"
1392118664.0,1392118664.0,6
1392118664.0,1392118664.0,3
1392118665.0,1392118665.0,"6,3"
1392118665.0,1392118665.0,6
1392118665.0,1392118665.0,3
1392118666.0,1392118666.0,"6,3"
1392118666.0,1392118666.0,6
1392118666.0,1392118666.0,3
1392118667.0,1392118667.0,"6,3"
1392118667.0,1392118667.0,6
1392118667.0,1392118667.0,3
1392118668.0,1392118668.0,"6,3"
1392118668.0,1392118668.0,6
1392118668.0,1392118668.0,3
1392118669.0,1392118669.0,"6,3"
1392118669.0,1392118669.0,6
1392118669.0,1392118669.0,3
1392118670.0,1392118670.0,"6,3"
1392118670.0,1392118670.0,6
1392118670.0,1392118670.0,3
1392118671.0,1392118671.0,"6,3"
1392118671.0,1392118671.0,6
1392118671.0,1392118671.0,3
1392118672.0,1392118672.0,"6,3"
1392118672.0,1392118672.0,6
1392118672.0,1392118672.0,3
1392118673.0,1392118673.0,"6,3"
1392118673.0,1392118673.0,6
1392118673.0,1392118673.0,3
1392118674.0,1392118674.0,"6,3"
1392118674.0,1392118674.0,6
1392118674.0,1392118674.0,3
1392118675.0,1392118675.0,"6,3"
1392118675.0,1392118675.0,6
1392118675.0,1392118675.0,3
1392118676.0,1392118676.0,"6,3"
1392118676.0,1392118676.0,6
1392118676.0,1392118676.0,3
1392118677.0,1392118677.0,"6,3"
1392118677.0,1392118677.0,6
1392118677.0,1392118677.0,3
1392118678.0,1392118678.0,"6,3"
1392118678.0,1392118678.0,6
1392118678.0,1392118678.0,3
1392118679.0,1392118679.0,"6,3"
1392118679.0,1392118679.0,6
1392118679.0,1392118679.0,3
1392118680.0,1392118680.0,"6,3"
1392118680.0,1392118680.0,6
1392118680.0,1392118680.0,3
1392118681.0,1392118681.0,"6,3"
1392118681.0,1392118681.0,6
1392118681.0,1392118681.0,3
1392118682.0,1392118682.0,"6,3"
1392118682.0,1392118682.0,6
1392118682.0,1392118682.0,3
1392118683.0,1392118683.0,"6,3"
1392118683.0,1392118683.0,6
1392118683.0,1392118683.0,3
1392118684.0,1392118684.0,"6,3"
1392118684.0,1392118684.0,6
1392118684.0,1392118684.0,3
1392118685.0,1392118685.0,"6,3"
1392118685.0,1392118685.0,6
1392118685.0,1392118685.0,3
1392118686.0,1392118686.0,"6,3"
1392118686.0,1392118686.0,6
1392118686.0,1392118686.0,3
1392118687.0,1392118687.0,"6,3"
1392118687.0,1392118687.0,6
1392118687.0,1392118687.0,3
1392118688.0,1392118688.0,"6,3"
1392118688.0,1392118688.0,6
1392118688.0,1392118688.0,3
1392118689.0,1392118689.0,"6,3"
1392118689.0,1392118689.0,6
1392118689.0,1392118689.0,3
1392118690.0,1392118690.0,"6,3"
1392118690.0,1392118690.0,6
1392118690.0,1392118690.0,3
1392118691.0,1392118691.0,"6,3"
1392118691.0,1392118691.0,6
1392118691.0,1392118691.0,3
1392118692.0,1392118692.0,"6,3"
1392118692.0,1392118692.0,6
1392118692.0,1392118692.0,3
1392118693.0,1392118693.0,"6,3"
1392118693.0,1392118693.0,6
1392118693.0,1392118693.0,3
1392118694.0,1392118694.0,"6,3"
1392118694.0,1392118694.0,6
1392118694.0,1392118694.0,3
1392118695.0,1392118695.0,"6,3"
1392118695.0,1392118695.0,6
1392118695.0,1392118695.0,3
1392118696.0,1392118696.0,"6,3"
1392118696.0,1392118696.0,6
1392118696.0,1392118696.0,3
1392118697.0,1392118697.0,"6,3"
1392118697.0,1392118697.0,6
1392118697.0,1392118697.0,3
1392118698.0,1392118698.0,"6,3"
1392118698.0,1392118698.0,6
1392118698.0,1392118698.0,3
1392118699.0,1392118699.0,"6,3"
1392118699.0,1392118699.0,6
1392118699.0,1392118699.0,3
1392118700.0,1392118700.0,"6,3"
1392118700.0,1392118700.0,6
1392118700.0,1392118700.0,3
1392118701.0,1392118701.0,"6,3"
1392118701.0,1392118701.0,6
1392118701.0,1392118701.0,3
1392118702.0,1392118702.0,"6,3"
1392118702.0,1392118702.0,6
1392118702.0,1392118702.0,3
1392118703.0,1392118703.0,"6,3"
1392118703.0,1392118703.0,6
1392118703.0,1392118703.0,3
1392118704.0,1392118704.0,"6,3"
1392118704.0,1392118704.0,6
1392118704.0,1392118704.0,3
1392118705.0,1392118705.0,"6,3"
1392118705.0,1392118705.0,6
1392118705.0,1392118705.0,3
1392118706.0,1392118706.0,"6,3"
1392118706.0,1392118706.0,6
1392118706.0,1392118706.0,3
1392118707.0,1392118707.0,"6,3"
1392118707.0,1392118707.0,6
1392118707.0,1392118707.0,3
1392118708.0,1392118708.0,"6,3"
1392118708.0,1392118708.0,6
1392118708.0,1392118708.0,3
1392118709.0,1392118709.0,"6,3"
1392118709.0,1392118709.0,6
1392118709.0,1392118709.0,3
1392118710.0,1392118710.0,"6,3"
1392118710.0,1392118710.0,6
1392118710.0,1392118710.0,3
1392118711.0,1392118711.0,"6,3"
1392118711.0,1392118711.0,6
1392118711.0,1392118711.0,3
1392118712.0,1392118712.0,"6,3"
1392118712.0,1392118712.0,6
1392118712.0,1392118712.0,3
1392118713.0,1392118713.0,"6,3"
1392118713.0,1392118713.0,6
1392118713.0,1392118713.0,3
1392118714.0,1392118714.0,"6,3"
1392118714.0,1392118714.0,6
1392118714.0,1392118714.0,3
1392118715.0,1392118715.0,"6,3"
1392118715.0,1392118715.0,6
1392118715.0,1392118715.0,3
1392118716.0,1392118716.0,"6,3"
1392118716.0,1392118716.0,6
1392118716.0,1392118716.0,3
1392118717.0,1392118717.0,"6,3"
1392118717.0,1392118717.0,6
1392118717.0,1392118717.0,3
1392118718.0,1392118718.0,"6,3"
1392118718.0,1392118718.0,6
1392118718.0,1392118718.0,3
1392118719.0,1392118719.0,"6,3"
1392118719.0,1392118719.0,6
1392118719.0,1392118719.0,3
1392118720.0,1392118720.0,"6,3"
1392118720.0,1392118720.0,6
1392118720.0,1392118720.0,3
1392118721.0,1392118721.0,"6,3"
1392118721.0,1392118721.0,6
1392118721.0,1392118721.0,3
1392118722.0,1392118722.0,"6,3"
1392118722.0,1392118722.0,6
1392118722.0,1392118722.0,3
1392118723.0,1392118723.0,"6,3"
1392118723.0,1392118723.0,6
1392118723.0,1392118723.0,3
1392118724.0,1392118724.0,"6,3"
1392118724.0,1392118724.0,6
1392118724.0,1392118724.0,3
1392118725.0,1392118725.0,"6,3"
1392118725.0,1392118725.0,6
1392118725.0,1392118725.0,3
1392118726.0,1392118726.0,"6,3"
1392118726.0,1392118726.0,6
1392118726.0,1392118726.0,3
1392118727.0,1392118727.0,"6,3"
1392118727.0,1392118727.0,6
1392118727.0,1392118727.0,3
1392118728.0,1392118728.0,"6,3"
1392118728.0,1392118728.0,6
1392118728.0,1392118728.0,3
1392118729.0,1392118729.0,"6,3"
1392118729.0,1392118729.0,6
1392118729.0,1392118729.0,3
1392118730.0,1392118730.0,"6,3"
1392118730.0,1392118730.0,6
1392118730.0,1392118730.0,3
1392118731.0,1392118731.0,"6,3"
1392118731.0,1392118731.0,6
1392118731.0,1392118731.0,3
1392118732.0,1392118732.0,"6,3"
1392118732.0,1392118732.0,6
1392118732.0,1392118732.0,3
1392118733.0,1392118733.0,"6,3"
1392118733.0,1392118733.0,6
1392118733.0,1392118733.0,3
1392118734.0,1392118734.0,"6,3"
1392118734.0,1392118734.0,6
1392118734.0,1392118734.0,3
1392118735.0,1392118735.0,"6,3"
1392118735.0,1392118735.0,6
1392118735.0,1392118735.0,3
1392118736.0,1392118736.0,"6,3"
1392118736.0,1392118736.0,6
1392118736.0,1392118736.0,3
1392118737.0,1392118737.0,"6,3"
1392118737.0,1392118737.0,6
1392118737.0,1392118737.0,3
1392118738.0,1392118738.0,"6,3"
1392118738.0,1392118738.0,6
1392118738.0,1392118738.0,3
1392118739.0,1392118739.0,"6,3"
1392118739.0,1392118739.0,6
1392118739.0,1392118739.0,3
1392118740.0,1392118740.0,"6,3"
1392118740.0,1392118740.0,6
1392118740.0,1392118740.0,3
1392118741.0,1392118741.0,"6,3"
1392118741.0,1392118741.0,6
1392118741.0,1392118741.0,3
1392118742.0,1392118742.0,"6,3"
1392118742.0,1392118742.0,6
1392118742.0,1392118742.0,3
1392118743.0,1392118743.0,"6,3"
1392118743.0,1392118743.0,6
1392118743.0,1392118743.0,3
1392118744.0,1392118744.0,"6,3"
1392118744.0,1392118744.0,6
1392118744.0,1392118744.0,3
1392118745.0,1392118745.0,"6,3"
1392118745.0,1392118745.0,6
1392118745.0,1392118745.0,3
1392118746.0,1392118746.0,"6,3"
1392118746.0,1392118746.0,6
1392118746.0,1392118746.0,3
1392118747.0,1392118747.0,"6,3"
1392118747.0,1392118747.0,6
1392118747.0,1392118747.0,3
1392118748.0,1392118748.0,"6,3"
1392118748.0,1392118748.0,6
1392118748.0,1392118748.0,3
1392118749.0,1392118749.0,"6,3"
1392118749.0,1392118749.0,6
1392118749.0,1392118749.0,3
1392118750.0,1392118750.0,"6,3"
1392118750.0,1392118750.0,6
1392118750.0,1392118750.0,3
1392118751.0,1392118751.0,"6,3"
1392118751.0,1392118751.0,6
1392118751.0,1392118751.0,3
1392118752.0,1392118752.0,"6,3"
1392118752.0,1392118752.0,6
1392118752.0,1392118752.0,3
1392118753.0,1392118753.0,"6,3"
1392118753.0,1392118753.0,6
1392118753.0,1392118753.0,3
1392118754.0,1392118754.0,"6,3"
1392118754.0,1392118754.0,6
1392118754.0,1392118754.0,3
1392118755.0,1392118755.0,"6,3"
1392118755.0,1392118755.0,6
1392118755.0,1392118755.0,3
1392118756.0,1392118756.0,"6,3"
1392118756.0,1392118756.0,6
1392118756.0,1392118756.0,3
1392118757.0,1392118757.0,"6,3"
1392118757.0,1392118757.0,6
1392118757.0,1392118757.0,3
1392118758.0,1392118758.0,"6,3"
1392118758.0,1392118758.0,6
1392118758.0,1392118758.0,3
1392118759.0,1392118759.0,"6,3"
1392118759.0,1392118759.0,6
1392118759.0,1392118759.0,3
1392118760.0,1392118760.0,"6,3"
1392118760.0,1392118760.0,6
1392118760.0,1392118760.0,3
1392118761.0,1392118761.0,"6,3"
1392118761.0,1392118761.0,6
1392118761.0,1392118761.0,3
1392118762.0,1392118762.0,"6,3"
1392118762.0,1392118762.0,6
1392118762.0,1392118762.0,3
1392118763.0,1392118763.0,"6,3"
1392118763.0,1392118763.0,6
1392118763.0,1392118763.0,3
1392118764.0,1392118764.0,"6,3"
1392118764.0,1392118764.0,6
1392118764.0,1392118764.0,3
1392118765.0,1392118765.0,"6,3"
1392118765.0,1392118765.0,6
1392118765.0,1392118765.0,3
1392118766.0,1392118766.0,"6,3"
1392118766.0,1392118766.0,6
1392118766.0,1392118766.0,3
1392118767.0,1392118767.0,"6,3"
1392118767.0,1392118767.0,6
1392118767.0,1392118767.0,3
1392118768.0,1392118768.0,"6,3"
1392118768.0,1392118768.0,6
1392118768.0,1392118768.0,3
1392118769.0,1392118769.0,"6,3"
1392118769.0,1392118769.0,6
1392118769.0,1392118769.0,3
1392118770.0,1392118770.0,"6,3"
1392118770.0,1392118770.0,6
1392118770.0,1392118770.0,3
1392118771.0,1392118771.0,"6,3"
1392118771.0,1392118771.0,6
1392118771.0,1392118771.0,3
1392118772.0,1392118772.0,"6,3"
1392118772.0,1392118772.0,6
1392118772.0,1392118772.0,3
1392118773.0,1392118773.0,"6,3"
1392118773.0,1392118773.0,6
1392118773.0,1392118773.0,3
1392118774.0,1392118774.0,"6,3"
1392118774.0,1392118774.0,6
1392118774.0,1392118774.0,3
1392118775.0,1392118775.0,"6,3"
1392118775.0,1392118775.0,6
1392118775.0,1392118775.0,3
1392118776.0,1392118776.0,"6,3"
1392118776.0,1392118776.0,6
1392118776.0,1392118776.0,3
1392118777.0,1392118777.0,"6,3"
1392118777.0,1392118777.0,6
1392118777.0,1392118777.0,3
1392118778.0,1392118778.0,"6,3"
1392118778.0,1392118778.0,6
1392118778.0,1392118778.0,3
1392118779.0,1392118779.0,"6,3"
1392118779.0,1392118779.0,6
1392118779.0,1392118779.0,3
1392118780.0,1392118780.0,"6,3"
1392118780.0,1392118780.0,6
1392118780.0,1392118780.0,3
1392118781.0,1392118781.0,"6,3"
1392118781.0,1392118781.0,6
1392118781.0,1392118781.0,3
1392118782.0,1392118782.0,"6,3"
1392118782.0,1392118782.0,6
1392118782.0,1392118782.0,3
1392118783.0,1392118783.0,"6,3"
1392118783.0,1392118783.0,6
1392118783.0,1392118783.0,3
1392118784.0,1392118784.0,"6,3"
1392118784.0,1392118784.0,6
1392118784.0,1392118784.0,3
1392118785.0,1392118785.0,"6,3"
1392118785.0,1392118785.0,6
1392118785.0,1392118785.0,3
1392118786.0,1392118786.0,"6,3"
1392118786.0,1392118786.0,6
1392118786.0,1392118786.0,3
1392118787.0,1392118787.0,"6,3"
1392118787.0,1392118787.0,6
1392118787.0,1392118787.0,3
1392118788.0,1392118788.0,"6,3"
1392118788.0,1392118788.0,6
1392118788.0,1392118788.0,3
1392118789.0,1392118789.0,"6,3"
1392118789.0,1392118789.0,6
1392118789.0,1392118789.0,3
1392118790.0,1392118790.0,"6,3"
1392118790.0,1392118790.0,6
1392118790.0,1392118790.0,3
1392118791.0,1392118791.0,"6,3"
1392118791.0,1392118791.0,6
1392118791.0,1392118791.0,3
1392118792.0,1392118792.0,"6,3"
1392118792.0,1392118792.0,6
1392118792.0,1392118792.0,3
1392118793.0,1392118793.0,"6,3"
1392118793.0,1392118793.0,6
1392118793.0,1392118793.0,3
1392118794.0,1392118794.0,"6,3"
1392118794.0,1392118794.0,6
1392118794.0,1392118794.0,3
1392118795.0,1392118795.0,"6,3"
1392118795.0,1392118795.0,6
1392118795.0,1392118795.0,3
1392118796.0,1392118796.0,"6,3"
1392118796.0,1392118796.0,6
1392118796.0,1392118796.0,3
1392118797.0,1392118797.0,"6,3"
1392118797.0,1392118797.0,6
1392118797.0,1392118797.0,3
1392118798.0,1392118798.0,"6,3"
1392118798.0,1392118798.0,6
1392118798.0,1392118798.0,3
1392118799.0,1392118799.0,"6,3"
1392118799.0,1392118799.0,6
1392118799.0,1392118799.0,3
1392118800.0,1392118800.0,"6,3"
1392118800.0,1392118800.0,6
1392118800.0,1392118800.0,3
1392118801.0,1392118801.0,"6,3"
1392118801.0,1392118801.0,6
1392118801.0,1392118801.0,3
1392118802.0,1392118802.0,"6,3"
1392118802.0,1392118802.0,6
1392118802.0,1392118802.0,3
1392118803.0,1392118803.0,"6,3"
1392118803.0,1392118803.0,6
1392118803.0,1392118803.0,3
1392118804.0,1392118804.0,"6,3"
1392118804.0,1392118804.0,6
1392118804.0,1392118804.0,3
1392118805.0,1392118805.0,"6,3"
1392118805.0,1392118805.0,6
1392118805.0,1392118805.0,3
1392118806.0,1392118806.0,"6,3"
1392118806.0,1392118806.0,6
1392118806.0,1392118806.0,3
1392118807.0,1392118807.0,"6,3"
1392118807.0,1392118807.0,6
1392118807.0,1392118807.0,3
1392118808.0,1392118808.0,"6,3"
1392118808.0,1392118808.0,6
1392118808.0,1392118808.0,3
1392118809.0,1392118809.0,"6,3"
1392118809.0,1392118809.0,6
1392118809.0,1392118809.0,3
1392118810.0,1392118810.0,"6,3"
1392118810.0,1392118810.0,6
1392118810.0,1392118810.0,3
1392118811.0,1392118811.0,"6,3"
1392118811.0,1392118811.0,6
1392118811.0,1392118811.0,3
1392118812.0,1392118812.0,"6,3"
1392118812.0,1392118812.0,6
1392118812.0,1392118812.0,3
1392118813.0,1392118813.0,"6,3"
1392118813.0,1392118813.0,6
1392118813.0,1392118813.0,3
1392118814.0,1392118814.0,"6,3"
1392118814.0,1392118814.0,6
1392118814.0,1392118814.0,3
1392118815.0,1392118815.0,"6,3"
1392118815.0,1392118815.0,6
1392118815.0,1392118815.0,3
1392118816.0,1392118816.0,"6,3"
1392118816.0,1392118816.0,6
1392118816.0,1392118816.0,3
1392118817.0,1392118817.0,"6,3"
1392118817.0,1392118817.0,6
1392118817.0,1392118817.0,3
1392118818.0,1392118818.0,"6,3"
1392118818.0,1392118818.0,6
1392118818.0,1392118818.0,3
1392118819.0,1392118819.0,"6,3"
1392118819.0,1392118819.0,6
1392118819.0,1392118819.0,3
1392118820.0,1392118820.0,"6,3"
1392118820.0,1392118820.0,6
1392118820.0,1392118820.0,3
1392118821.0,1392118821.0,"6,3"
1392118821.0,1392118821.0,6
1392118821.0,1392118821.0,3
1392118822.0,1392118822.0,"6,3"
1392118822.0,1392118822.0,6
1392118822.0,1392118822.0,3
1392118823.0,1392118823.0,"6,3"
1392118823.0,1392118823.0,6
1392118823.0,1392118823.0,3
1392118824.0,1392118824.0,"6,3"
1392118824.0,1392118824.0,6
1392118824.0,1392118824.0,3
1392118825.0,1392118825.0,"6,3"
1392118825.0,1392118825.0,6
1392118825.0,1392118825.0,3
1392118826.0,1392118826.0,"6,3"
1392118826.0,1392118826.0,6
1392118826.0,1392118826.0,3
1392118827.0,1392118827.0,"6,3"
1392118827.0,1392118827.0,6
1392118827.0,1392118827.0,3
1392118828.0,1392118828.0,"6,3"
1392118828.0,1392118828.0,6
1392118828.0,1392118828.0,3
1392118829.0,1392118829.0,"6,3"
1392118829.0,1392118829.0,6
1392118829.0,1392118829.0,3
1392118830.0,1392118830.0,"6,3"
1392118830.0,1392118830.0,6
1392118830.0,1392118830.0,3
1392118831.0,1392118831.0,"6,3"
1392118831.0,1392118831.0,6
1392118831.0,1392118831.0,3
1392118832.0,1392118832.0,"6,3"
1392118832.0,1392118832.0,6
1392118832.0,1392118832.0,3
1392118833.0,1392118833.0,"6,3"
1392118833.0,1392118833.0,6
1392118833.0,1392118833.0,3
1392118834.0,1392118834.0,"6,3"
1392118834.0,1392118834.0,6
1392118834.0,1392118834.0,3
1392118835.0,1392118835.0,"6,3"
1392118835.0,1392118835.0,6
1392118835.0,1392118835.0,3
1392118836.0,1392118836.0,"6,3"
1392118836.0,1392118836.0,6
1392118836.0,1392118836.0,3
1392118837.0,1392118837.0,"6,3"
1392118837.0,1392118837.0,6
1392118837.0,1392118837.0,3
1392118838.0,1392118838.0,"6,3"
1392118838.0,1392118838.0,6
1392118838.0,1392118838.0,3
1392118839.0,1392118839.0,"6,3"
1392118839.0,1392118839.0,6
1392118839.0,1392118839.0,3
1392118840.0,1392118840.0,"6,3"
1392118840.0,1392118840.0,6
1392118840.0,1392118840.0,3
1392118841.0,1392118841.0,"6,3"
1392118841.0,1392118841.0,6
1392118841.0,1392118841.0,3
1392118842.0,1392118842.0,"6,3"
1392118842.0,1392118842.0,6
1392118842.0,1392118842.0,3
1392118843.0,1392118843.0,"6,3"
1392118843.0,1392118843.0,6
1392118843.0,1392118843.0,3
1392118844.0,1392118844.0,"6,3"
1392118844.0,1392118844.0,6
1392118844.0,1392118844.0,3
1392118845.0,1392118845.0,"6,3"
1392118845.0,1392118845.0,6
1392118845.0,1392118845.0,3
1392118846.0,1392118846.0,"6,3"
1392118846.0,1392118846.0,6
1392118846.0,1392118846.0,3
1392118847.0,1392118847.0,"6,3"
1392118847.0,1392118847.0,6
1392118847.0,1392118847.0,3
1392118848.0,1392118848.0,"6,3"
1392118848.0,1392118848.0,6
1392118848.0,1392118848.0,3
1392118849.0,1392118849.0,"6,3"
1392118849.0,1392118849.0,6
1392118849.0,1392118849.0,3
1392118850.0,1392118850.0,"6,3"
1392118850.0,1392118850.0,6
1392118850.0,1392118850.0,3
1392118851.0,1392118851.0,"6,3"
1392118851.0,1392118851.0,6
1392118851.0,1392118851.0,3
1392118852.0,1392118852.0,"6,3"
1392118852.0,1392118852.0,6
1392118852.0,1392118852.0,3
1392118853.0,1392118853.0,"6,3"
1392118853.0,1392118853.0,6
1392118853.0,1392118853.0,3
1392118854.0,1392118854.0,"6,3"
1392118854.0,1392118854.0,6
1392118854.0,1392118854.0,3
1392118855.0,1392118855.0,"6,3"
1392118855.0,1392118855.0,6
1392118855.0,1392118855.0,3
1392118856.0,1392118856.0,"6,3"
1392118856.0,1392118856.0,6
1392118856.0,1392118856.0,3
1392118857.0,1392118857.0,"6,3"
1392118857.0,1392118857.0,6
1392118857.0,1392118857.0,3
1392118858.0,1392118858.0,"6,3"
1392118858.0,1392118858.0,6
1392118858.0,1392118858.0,3
1392118859.0,1392118859.0,"6,3"
1392118859.0,1392118859.0,6
1392118859.0,1392118859.0,3
1392118860.0,1392118860.0,"6,3"
1392118860.0,1392118860.0,6
1392118860.0,1392118860.0,3
1392118861.0,1392118861.0,"6,3"
1392118861.0,1392118861.0,6
1392118861.0,1392118861.0,3
1392118862.0,1392118862.0,"6,3"
1392118862.0,1392118862.0,6
1392118862.0,1392118862.0,3
1392118863.0,1392118863.0,"6,3"
1392118863.0,1392118863.0,6
1392118863.0,1392118863.0,3
1392118864.0,1392118864.0,"6,3"
1392118864.0,1392118864.0,6
1392118864.0,1392118864.0,3
1392118865.0,1392118865.0,"6,3"
1392118865.0,1392118865.0,6
1392118865.0,1392118865.0,3
1392118866.0,1392118866.0,"6,3"
1392118866.0,1392118866.0,6
1392118866.0,1392118866.0,3
1392118867.0,1392118867.0,"6,3"
1392118867.0,1392118867.0,6
1392118867.0,1392118867.0,3
1392118868.0,1392118868.0,"6,3"
1392118868.0,1392118868.0,6
1392118868.0,1392118868.0,3
1392118869.0,1392118869.0,"6,3"
1392118869.0,1392118869.0,6
1392118869.0,1392118869.0,3
1392118870.0,1392118870.0,"6,3"
1392118870.0,1392118870.0,6
1392118870.0,1392118870.0,3
1392118871.0,1392118871.0,"6,3"
1392118871.0,1392118871.0,6
1392118871.0,1392118871.0,3
1392118872.0,1392118872.0,"6,3"
1392118872.0,1392118872.0,6
1392118872.0,1392118872.0,3
1392118873.0,1392118873.0,"6,3"
1392118873.0,1392118873.0,6
1392118873.0,1392118873.0,3
1392118874.0,1392118874.0,"6,3"
1392118874.0,1392118874.0,6
1392118874.0,1392118874.0,3
1392118875.0,1392118875.0,"6,3"
1392118875.0,1392118875.0,6
1392118875.0,1392118875.0,3
1392118876.0,1392118876.0,"6,3"
1392118876.0,1392118876.0,6
1392118876.0,1392118876.0,3
1392118877.0,1392118877.0,"6,3"
1392118877.0,1392118877.0,6
1392118877.0,1392118877.0,3
1392118878.0,1392118878.0,"6,3"
1392118878.0,1392118878.0,6
1392118878.0,1392118878.0,3
1392118879.0,1392118879.0,"6,3"
1392118879.0,1392118879.0,6
1392118879.0,1392118879.0,3
1392118880.0,1392118880.0,"6,3"
1392118880.0,1392118880.0,6
1392118880.0,1392118880.0,3
1392118881.0,1392118881.0,"6,3"
1392118881.0,1392118881.0,6
1392118881.0,1392118881.0,3
1392118882.0,1392118882.0,"6,3"
1392118882.0,1392118882.0,6
1392118882.0,1392118882.0,3
1392118883.0,1392118883.0,"6,3"
1392118883.0,1392118883.0,6
1392118883.0,1392118883.0,3
1392118884.0,1392118884.0,"6,3"
1392118884.0,1392118884.0,6
1392118884.0,1392118884.0,3
1392118885.0,1392118885.0,"6,3"
1392118885.0,1392118885.0,6
1392118885.0,1392118885.0,3
1392118886.0,1392118886.0,"6,3"
1392118886.0,1392118886.0,6
1392118886.0,1392118886.0,3
1392118887.0,1392118887.0,"6,3"
1392118887.0,1392118887.0,6
1392118887.0,1392118887.0,3
1392118888.0,1392118888.0,"6,3"
1392118888.0,1392118888.0,6
1392118888.0,1392118888.0,3
1392118889.0,1392118889.0,"6,3"
1392118889.0,1392118889.0,6
1392118889.0,1392118889.0,3
1392118890.0,1392118890.0,"6,3"
1392118890.0,1392118890.0,6
1392118890.0,1392118890.0,3
1392118891.0,1392118891.0,"6,3"
1392118891.0,1392118891.0,6
1392118891.0,1392118891.0,3
1392118892.0,1392118892.0,"6,3"
1392118892.0,1392118892.0,6
1392118892.0,1392118892.0,3
1392118893.0,1392118893.0,"6,3"
1392118893.0,1392118893.0,6
1392118893.0,1392118893.0,3
1392118894.0,1392118894.0,"6,3"
1392118894.0,1392118894.0,6
1392118894.0,1392118894.0,3
1392118895.0,1392118895.0,"6,3"
1392118895.0,1392118895.0,6
1392118895.0,1392118895.0,3
1392118896.0,1392118896.0,"6,3"
1392118896.0,1392118896.0,6
1392118896.0,1392118896.0,3
1392118897.0,1392118897.0,"6,3"
1392118897.0,1392118897.0,6
1392118897.0,1392118897.0,3
1392118898.0,1392118898.0,"6,3"
1392118898.0,1392118898.0,6
1392118898.0,1392118898.0,3
1392118899.0,1392118899.0,"6,3"
1392118899.0,1392118899.0,6
1392118899.0,1392118899.0,3
1392118900.0,1392118900.0,"6,3"
1392118900.0,1392118900.0,6
1392118900.0,1392118900.0,3
1392118901.0,1392118901.0,"6,3"
1392118901.0,1392118901.0,6
1392118901.0,1392118901.0,3
1392118902.0,1392118902.0,"6,3"
1392118902.0,1392118902.0,6
1392118902.0,1392118902.0,3
1392118903.0,1392118903.0,"6,3"
1392118903.0,1392118903.0,6
1392118903.0,1392118903.0,3
1392118904.0,1392118904.0,"6,3"
1392118904.0,1392118904.0,6
1392118904.0,1392118904.0,3
1392118905.0,1392118905.0,"6,3"
1392118905.0,1392118905.0,6
1392118905.0,1392118905.0,3
1392118906.0,1392118906.0,"6,3"
1392118906.0,1392118906.0,6
1392118906.0,1392118906.0,3
1392118907.0,1392118907.0,"6,3"
1392118907.0,1392118907.0,6
1392118907.0,1392118907.0,3
1392118908.0,1392118908.0,"6,3"
1392118908.0,1392118908.0,6
1392118908.0,1392118908.0,3
1392118909.0,1392118909.0,"6,3"
1392118909.0,1392118909.0,6
1392118909.0,1392118909.0,3
1392118910.0,1392118910.0,"6,3"
1392118910.0,1392118910.0,6
1392118910.0,1392118910.0,3
1392118911.0,1392118911.0,"6,3"
1392118911.0,1392118911.0,6
1392118911.0,1392118911.0,3
1392118912.0,1392118912.0,"6,3"
1392118912.0,1392118912.0,6
1392118912.0,1392118912.0,3
1392118913.0,1392118913.0,"6,3"
1392118913.0,1392118913.0,6
1392118913.0,1392118913.0,3
1392118914.0,1392118914.0,"6,3"
1392118914.0,1392118914.0,6
1392118914.0,1392118914.0,3
1392118915.0,1392118915.0,"6,3"
1392118915.0,1392118915.0,6
1392118915.0,1392118915.0,3
1392118916.0,1392118916.0,"6,3"
1392118916.0,1392118916.0,6
1392118916.0,1392118916.0,3
1392118917.0,1392118917.0,"6,3"
1392118917.0,1392118917.0,6
1392118917.0,1392118917.0,3
1392118918.0,1392118918.0,"6,3"
1392118918.0,1392118918.0,6
1392118918.0,1392118918.0,3
1392118919.0,1392118919.0,"6,3"
1392118919.0,1392118919.0,6
1392118919.0,1392118919.0,3
1392118920.0,1392118920.0,"6,3"
1392118920.0,1392118920.0,6
1392118920.0,1392118920.0,3
1392118921.0,1392118921.0,"6,3"
1392118921.0,1392118921.0,6
1392118921.0,1392118921.0,3
1392118922.0,1392118922.0,"6,3"
1392118922.0,1392118922.0,6
1392118922.0,1392118922.0,3
1392118923.0,1392118923.0,"6,3"
1392118923.0,1392118923.0,6
1392118923.0,1392118923.0,3
1392118924.0,1392118924.0,"6,3"
1392118924.0,1392118924.0,6
1392118924.0,1392118924.0,3
1392118925.0,1392118925.0,"6,3"
1392118925.0,1392118925.0,6
1392118925.0,1392118925.0,3
1392118926.0,1392118926.0,"6,3"
1392118926.0,1392118926.0,6
1392118926.0,1392118926.0,3
1392118927.0,1392118927.0,"6,3"
1392118927.0,1392118927.0,6
1392118927.0,1392118927.0,3
1392118928.0,1392118928.0,"6,3"
1392118928.0,1392118928.0,6
1392118928.0,1392118928.0,3
1392118929.0,1392118929.0,"6,3"
1392118929.0,1392118929.0,6
1392118929.0,1392118929.0,3
1392118930.0,1392118930.0,"6,3"
1392118930.0,1392118930.0,6
1392118930.0,1392118930.0,3
1392118931.0,1392118931.0,"6,3"
1392118931.0,1392118931.0,6
1392118931.0,1392118931.0,3
1392118932.0,1392118932.0,"6,3"
1392118932.0,1392118932.0,6
1392118932.0,1392118932.0,3
1392118933.0,1392118933.0,"6,3"
1392118933.0,1392118933.0,6
1392118933.0,1392118933.0,3
1392118934.0,1392118934.0,"6,3"
1392118934.0,1392118934.0,6
1392118934.0,1392118934.0,3
1392118935.0,1392118935.0,"6,3"
1392118935.0,1392118935.0,6
1392118935.0,1392118935.0,3
1392118936.0,1392118936.0,"6,3"
1392118936.0,1392118936.0,6
1392118936.0,1392118936.0,3
1392118937.0,1392118937.0,"6,3"
1392118937.0,1392118937.0,6
1392118937.0,1392118937.0,3
1392118938.0,1392118938.0,"6,3"
1392118938.0,1392118938.0,6
1392118938.0,1392118938.0,3
1392118939.0,1392118939.0,"6,3"
1392118939.0,1392118939.0,6
1392118939.0,1392118939.0,3
1392118940.0,1392118940.0,"6,3"
1392118940.0,1392118940.0,6
1392118940.0,1392118940.0,3
1392118941.0,1392118941.0,"6,3"
1392118941.0,1392118941.0,6
1392118941.0,1392118941.0,3
1392118942.0,1392118942.0,"6,3"
1392118942.0,1392118942.0,6
1392118942.0,1392118942.0,3
1392118943.0,1392118943.0,"6,3"
1392118943.0,1392118943.0,6
1392118943.0,1392118943.0,3
1392118944.0,1392118944.0,"6,3"
1392118944.0,1392118944.0,6
1392118944.0,1392118944.0,3
1392118945.0,1392118945.0,"6,3"
1392118945.0,1392118945.0,6
1392118945.0,1392118945.0,3
1392118946.0,1392118946.0,"6,3"
1392118946.0,1392118946.0,6
1392118946.0,1392118946.0,3
1392118947.0,1392118947.0,"6,3"
1392118947.0,1392118947.0,6
1392118947.0,1392118947.0,3
1392118948.0,1392118948.0,"6,3"
1392118948.0,1392118948.0,6
1392118948.0,1392118948.0,3
1392118949.0,1392118949.0,"6,3"
1392118949.0,1392118949.0,6
1392118949.0,1392118949.0,3
1392118950.0,1392118950.0,"6,3"
1392118950.0,1392118950.0,6
1392118950.0,1392118950.0,3
1392118951.0,1392118951.0,"6,3"
1392118951.0,1392118951.0,6
1392118951.0,1392118951.0,3
1392118952.0,1392118952.0,"6,3"
