1392101029.0,1392101029.0.1,1
1392101029.0,1392101029.0,"4,1"
1392101029.0,1392101029.0,1
1392101030.0,1392101030.0,"4,1"
1392101030.0,1392101030.0,1
1392101031.0,1392101031.0,"4,1"
1392101031.0,1392101031.0,1
1392101032.0,1392101032.0,"4,1"
1392101032.0,1392101032.0,1
1392101033.0,1392101033.0,"4,1"
1392101033.0,1392101033.0,1
1392101034.0,1392101034.0,"4,1"
1392101034.0,1392101034.0,1
1392101035.0,1392101035.0,"4,1"
1392101035.0,1392101035.0,1
1392101036.0,1392101036.0,"4,1"
1392101036.0,1392101036.0,1
1392101037.0,1392101037.0,"4,1"
1392101037.0,1392101037.0,1
1392101038.0,1392101038.0,"4,1"
1392101038.0,1392101038.0,1
1392101039.0,1392101039.0,"4,1"
1392101039.0,1392101039.0,1
1392101040.0,1392101040.0,"4,1"
1392101040.0,1392101040.0,1
1392101041.0,1392101041.0,"4,1"
1392101041.0,1392101041.0,1
1392101042.0,1392101042.0,"4,1"
1392101042.0,1392101042.0,1
1392101043.0,1392101043.0,"4,1"
1392101043.0,1392101043.0,1
1392101044.0,1392101044.0,"4,1"
1392101044.0,1392101044.0,1
1392101045.0,1392101045.0,"4,1"
1392101045.0,1392101045.0,1
1392101046.0,1392101046.0,"4,1"
1392101046.0,1392101046.0,1
1392101047.0,1392101047.0,"4,1"
1392101047.0,1392101047.0,1
1392101048.0,1392101048.0,"4,1"
1392101048.0,1392101048.0,1
1392101049.0,1392101049.0,"4,1"
1392101049.0,1392101049.0,1
1392101050.0,1392101050.0,"4,1"
1392101050.0,1392101050.0,1
1392101051.0,1392101051.0,"4,1"
1392101051.0,1392101051.0,1
1392101052.0,1392101052.0,"4,1"
1392101052.0,1392101052.0,1
1392101053.0,1392101053.0,"4,1"
1392101053.0,1392101053.0,1
1392101054.0,1392101054.0,"4,1"
1392101054.0,1392101054.0,1
1392101055.0,1392101055.0,"4,1"
1392101055.0,1392101055.0,1
1392101056.0,1392101056.0,"4,1"
1392101056.0,1392101056.0,1
1392101057.0,1392101057.0,"4,1"
1392101057.0,1392101057.0,1
1392101058.0,1392101058.0,"4,1"
1392101058.0,1392101058.0,1
1392101059.0,1392101059.0,"4,1"
1392101059.0,1392101059.0,1
1392101060.0,1392101060.0,"4,1"
1392101060.0,1392101060.0,1
1392101061.0,1392101061.0,"4,1"
1392101061.0,1392101061.0,1
1392101062.0,1392101062.0,"4,1"
1392101062.0,1392101062.0,1
1392101063.0,1392101063.0,"4,1"
1392101063.0,1392101063.0,1
1392101064.0,1392101064.0,"4,1"
1392101064.0,1392101064.0,1
1392101065.0,1392101065.0,"4,1"
1392101065.0,1392101065.0,1
1392101066.0,1392101066.0,"4,1"
1392101066.0,1392101066.0,1
1392101067.0,1392101067.0,"4,1"
1392101067.0,1392101067.0,1
1392101068.0,1392101068.0,"4,1"
1392101068.0,1392101068.0,1
1392101069.0,1392101069.0,"4,1"
1392101069.0,1392101069.0,1
1392101070.0,1392101070.0,"4,1"
1392101070.0,1392101070.0,1
1392101071.0,1392101071.0,"4,1"
1392101071.0,1392101071.0,1
1392101072.0,1392101072.0,"4,1"
1392101072.0,1392101072.0,1
1392101073.0,1392101073.0,"4,1"
1392101073.0,1392101073.0,1
1392101074.0,1392101074.0,"4,1"
1392101074.0,1392101074.0,1
1392101075.0,1392101075.0,"4,1"
1392101075.0,1392101075.0,1
1392101076.0,1392101076.0,"4,1"
1392101076.0,1392101076.0,1
1392101077.0,1392101077.0,"4,1"
1392101077.0,1392101077.0,1
1392101078.0,1392101078.0,"4,1"
1392101078.0,1392101078.0,1
1392101079.0,1392101079.0,"4,1"
1392101079.0,1392101079.0,1
1392101080.0,1392101080.0,"4,1"
1392101080.0,1392101080.0,1
1392101081.0,1392101081.0,"4,1"
1392101081.0,1392101081.0,1
1392101082.0,1392101082.0,"4,1"
1392101082.0,1392101082.0,1
1392101083.0,1392101083.0,"4,1"
1392101083.0,1392101083.0,1
1392101084.0,1392101084.0,"4,1"
1392101084.0,1392101084.0,1
1392101085.0,1392101085.0,"4,1"
1392101085.0,1392101085.0,1
1392101086.0,1392101086.0,"4,1"
1392101086.0,1392101086.0,1
1392101087.0,1392101087.0,"4,1"
1392101087.0,1392101087.0,1
1392101088.0,1392101088.0,"4,1"
1392101088.0,1392101088.0,1
1392101089.0,1392101089.0,"4,1"
1392101089.0,1392101089.0,1
1392101090.0,1392101090.0,"4,1"
1392101090.0,1392101090.0,1
1392101091.0,1392101091.0,"4,1"
1392101091.0,1392101091.0,1
1392101092.0,1392101092.0,"4,1"
1392101092.0,1392101092.0,1
1392101093.0,1392101093.0,"4,1"
1392101093.0,1392101093.0,1
1392101094.0,1392101094.0,"4,1"
1392101094.0,1392101094.0,1
1392101095.0,1392101095.0,"4,1"
1392101095.0,1392101095.0,1
1392101096.0,1392101096.0,"4,1"
1392101096.0,1392101096.0,1
1392101097.0,1392101097.0,"4,1"
1392101097.0,1392101097.0,1
1392101098.0,1392101098.0,"4,1"
1392101098.0,1392101098.0,1
1392101099.0,1392101099.0,"4,1"
1392101099.0,1392101099.0,1
1392101100.0,1392101100.0,"4,1"
1392101100.0,1392101100.0,1
1392101101.0,1392101101.0,"4,1"
1392101101.0,1392101101.0,1
1392101102.0,1392101102.0,"4,1"
1392101102.0,1392101102.0,1
1392101103.0,1392101103.0,"4,1"
1392101103.0,1392101103.0,1
1392101104.0,1392101104.0,"4,1"
1392101104.0,1392101104.0,1
1392101105.0,1392101105.0,"4,1"
1392101105.0,1392101105.0,1
1392101106.0,1392101106.0,"4,1"
1392101106.0,1392101106.0,1
1392101107.0,1392101107.0,"4,1"
1392101107.0,1392101107.0,1
1392101108.0,1392101108.0,"4,1"
1392101108.0,1392101108.0,1
1392101109.0,1392101109.0,"4,1"
1392101109.0,1392101109.0,1
1392101110.0,1392101110.0,"4,1"
1392101110.0,1392101110.0,1
1392101111.0,1392101111.0,"4,1"
1392101111.0,1392101111.0,1
1392101112.0,1392101112.0,"4,1"
1392101112.0,1392101112.0,1
1392101113.0,1392101113.0,"4,1"
1392101113.0,1392101113.0,1
1392101114.0,1392101114.0,"4,1"
1392101114.0,1392101114.0,1
1392101115.0,1392101115.0,"4,1"
1392101115.0,1392101115.0,1
1392101116.0,1392101116.0,"4,1"
1392101116.0,1392101116.0,1
1392101117.0,1392101117.0,"4,1"
1392101117.0,1392101117.0,1
1392101118.0,1392101118.0,"4,1"
1392101118.0,1392101118.0,1
1392101119.0,1392101119.0,"4,1"
1392101119.0,1392101119.0,1
1392101120.0,1392101120.0,"4,1"
1392101120.0,1392101120.0,1
1392101121.0,1392101121.0,"4,1"
1392101121.0,1392101121.0,1
1392101122.0,1392101122.0,"4,1"
1392101122.0,1392101122.0,1
1392101123.0,1392101123.0,"4,1"
1392101123.0,1392101123.0,1
1392101124.0,1392101124.0,"4,1"
1392101124.0,1392101124.0,1
1392101125.0,1392101125.0,"4,1"
1392101125.0,1392101125.0,1
1392101126.0,1392101126.0,"4,1"
1392101126.0,1392101126.0,1
1392101127.0,1392101127.0,"4,1"
1392101127.0,1392101127.0,1
1392101128.0,1392101128.0,"4,1"
1392101128.0,1392101128.0,1
1392101129.0,1392101129.0,"4,1"
1392101129.0,1392101129.0,1
1392101130.0,1392101130.0,"4,1"
1392101130.0,1392101130.0,1
1392101131.0,1392101131.0,"4,1"
1392101131.0,1392101131.0,1
1392101132.0,1392101132.0,"4,1"
1392101132.0,1392101132.0,1
1392101133.0,1392101133.0,"4,1"
1392101133.0,1392101133.0,1
1392101134.0,1392101134.0,"4,1"
1392101134.0,1392101134.0,1
1392101135.0,1392101135.0,"4,1"
1392101135.0,1392101135.0,1
1392101136.0,1392101136.0,"4,1"
1392101136.0,1392101136.0,1
1392101137.0,1392101137.0,"4,1"
1392101137.0,1392101137.0,1
1392101138.0,1392101138.0,"4,1"
1392101138.0,1392101138.0,1
1392101139.0,1392101139.0,"4,1"
1392101139.0,1392101139.0,1
1392101140.0,1392101140.0,"4,1"
1392101140.0,1392101140.0,1
1392101141.0,1392101141.0,"4,1"
1392101141.0,1392101141.0,1
1392101142.0,1392101142.0,"4,1"
1392101142.0,1392101142.0,1
1392101143.0,1392101143.0,"4,1"
1392101143.0,1392101143.0,1
1392101144.0,1392101144.0,"4,1"
1392101144.0,1392101144.0,1
1392101145.0,1392101145.0,"4,1"
1392101145.0,1392101145.0,1
1392101146.0,1392101146.0,"4,1"
1392101146.0,1392101146.0,1
1392101147.0,1392101147.0,"4,1"
1392101147.0,1392101147.0,1
1392101148.0,1392101148.0,"4,1"
1392101148.0,1392101148.0,1
1392101149.0,1392101149.0,"4,1"
1392101149.0,1392101149.0,1
1392101150.0,1392101150.0,"4,1"
1392101150.0,1392101150.0,1
1392101151.0,1392101151.0,"4,1"
1392101151.0,1392101151.0,1
1392101152.0,1392101152.0,"4,1"
1392101152.0,1392101152.0,1
1392101153.0,1392101153.0,"4,1"
1392101153.0,1392101153.0,1
1392101154.0,1392101154.0,"4,1"
1392101154.0,1392101154.0,1
1392101155.0,1392101155.0,"4,1"
1392101155.0,1392101155.0,1
1392101156.0,1392101156.0,"4,1"
1392101156.0,1392101156.0,1
1392101157.0,1392101157.0,"4,1"
1392101157.0,1392101157.0,1
1392101158.0,1392101158.0,"4,1"
1392101158.0,1392101158.0,1
1392101159.0,1392101159.0,"4,1"
1392101159.0,1392101159.0,1
1392101160.0,1392101160.0,"4,1"
1392101160.0,1392101160.0,1
1392101161.0,1392101161.0,"4,1"
1392101161.0,1392101161.0,1
1392101162.0,1392101162.0,"4,1"
1392101162.0,1392101162.0,1
1392101163.0,1392101163.0,"4,1"
1392101163.0,1392101163.0,1
1392101164.0,1392101164.0,"4,1"
1392101164.0,1392101164.0,1
1392101165.0,1392101165.0,"4,1"
1392101165.0,1392101165.0,1
1392101166.0,1392101166.0,"4,1"
1392101166.0,1392101166.0,1
1392101167.0,1392101167.0,"4,1"
1392101167.0,1392101167.0,1
1392101168.0,1392101168.0,"4,1"
1392101168.0,1392101168.0,1
1392101169.0,1392101169.0,"4,1"
1392101169.0,1392101169.0,1
1392101170.0,1392101170.0,"4,1"
1392101170.0,1392101170.0,1
1392101171.0,1392101171.0,"4,1"
1392101171.0,1392101171.0,1
1392101172.0,1392101172.0,"4,1"
1392101172.0,1392101172.0,1
1392101173.0,1392101173.0,"4,1"
1392101173.0,1392101173.0,1
1392101174.0,1392101174.0,"4,1"
1392101174.0,1392101174.0,1
1392101175.0,1392101175.0,"4,1"
1392101175.0,1392101175.0,1
1392101176.0,1392101176.0,"4,1"
1392101176.0,1392101176.0,1
1392101177.0,1392101177.0,"4,1"
1392101177.0,1392101177.0,1
1392101178.0,1392101178.0,"4,1"
1392101178.0,1392101178.0,1
1392101179.0,1392101179.0,"4,1"
1392101179.0,1392101179.0,1
1392101180.0,1392101180.0,"4,1"
1392101180.0,1392101180.0,1
1392101181.0,1392101181.0,"4,1"
1392101181.0,1392101181.0,1
1392101182.0,1392101182.0,"4,1"
1392101182.0,1392101182.0,1
1392101183.0,1392101183.0,"4,1"
1392101183.0,1392101183.0,1
1392101184.0,1392101184.0,"4,1"
1392101184.0,1392101184.0,1
1392101185.0,1392101185.0,"4,1"
1392101185.0,1392101185.0,1
1392101186.0,1392101186.0,"4,1"
1392101186.0,1392101186.0,1
1392101187.0,1392101187.0,"4,1"
1392101187.0,1392101187.0,1
1392101188.0,1392101188.0,"4,1"
1392101188.0,1392101188.0,1
1392101189.0,1392101189.0,"4,1"
1392101189.0,1392101189.0,1
1392101190.0,1392101190.0,"4,1"
1392101190.0,1392101190.0,1
1392101191.0,1392101191.0,"4,1"
1392101191.0,1392101191.0,1
1392101192.0,1392101192.0,"4,1"
1392101192.0,1392101192.0,1
1392101193.0,1392101193.0,"4,1"
1392101193.0,1392101193.0,1
1392101194.0,1392101194.0,"4,1"
1392101194.0,1392101194.0,1
1392101195.0,1392101195.0,"4,1"
1392101195.0,1392101195.0,1
1392101196.0,1392101196.0,"4,1"
1392101196.0,1392101196.0,1
1392101197.0,1392101197.0,"4,1"
1392101197.0,1392101197.0,1
1392101198.0,1392101198.0,"4,1"
1392101198.0,1392101198.0,1
1392101199.0,1392101199.0,"4,1"
1392101199.0,1392101199.0,1
1392101200.0,1392101200.0,"4,1"
1392101200.0,1392101200.0,1
1392101201.0,1392101201.0,"4,1"
1392101201.0,1392101201.0,1
1392101202.0,1392101202.0,"4,1"
1392101202.0,1392101202.0,1
1392101203.0,1392101203.0,"4,1"
1392101203.0,1392101203.0,1
1392101204.0,1392101204.0,"4,1"
1392101204.0,1392101204.0,1
1392101205.0,1392101205.0,"4,1"
1392101205.0,1392101205.0,1
1392101206.0,1392101206.0,"4,1"
1392101206.0,1392101206.0,1
1392101207.0,1392101207.0,"4,1"
1392101207.0,1392101207.0,1
1392101208.0,1392101208.0,"4,1"
1392101208.0,1392101208.0,1
1392101209.0,1392101209.0,"4,1"
1392101209.0,1392101209.0,1
1392101210.0,1392101210.0,"4,1"
1392101210.0,1392101210.0,1
1392101211.0,1392101211.0,"4,1"
1392101211.0,1392101211.0,1
1392101212.0,1392101212.0,"4,1"
1392101212.0,1392101212.0,1
1392101213.0,1392101213.0,"4,1"
1392101213.0,1392101213.0,1
1392101214.0,1392101214.0,"4,1"
1392101214.0,1392101214.0,1
1392101215.0,1392101215.0,"4,1"
1392101215.0,1392101215.0,1
1392101216.0,1392101216.0,"4,1"
1392101216.0,1392101216.0,1
1392101217.0,1392101217.0,"4,1"
1392101217.0,1392101217.0,1
1392101218.0,1392101218.0,"4,1"
1392101218.0,1392101218.0,1
1392101219.0,1392101219.0,"4,1"
1392101219.0,1392101219.0,1
1392101220.0,1392101220.0,"4,1"
1392101220.0,1392101220.0,1
1392101221.0,1392101221.0,"4,1"
1392101221.0,1392101221.0,1
1392101222.0,1392101222.0,"4,1"
1392101222.0,1392101222.0,1
1392101223.0,1392101223.0,"4,1"
1392101223.0,1392101223.0,1
1392101224.0,1392101224.0,"4,1"
1392101224.0,1392101224.0,1
1392101225.0,1392101225.0,"4,1"
1392101225.0,1392101225.0,1
1392101226.0,1392101226.0,"4,1"
1392101226.0,1392101226.0,1
1392101227.0,1392101227.0,"4,1"
1392101227.0,1392101227.0,1
1392101228.0,1392101228.0,"4,1"
1392101228.0,1392101228.0,1
1392101229.0,1392101229.0,"4,1"
1392101229.0,1392101229.0,1
1392101230.0,1392101230.0,"4,1"
1392101230.0,1392101230.0,1
1392101231.0,1392101231.0,"4,1"
1392101231.0,1392101231.0,1
1392101232.0,1392101232.0,"4,1"
1392101232.0,1392101232.0,1
1392101233.0,1392101233.0,"4,1"
1392101233.0,1392101233.0,1
1392101234.0,1392101234.0,"4,1"
1392101234.0,1392101234.0,1
1392101235.0,1392101235.0,"4,1"
1392101235.0,1392101235.0,1
1392101236.0,1392101236.0,"4,1"
1392101236.0,1392101236.0,1
1392101237.0,1392101237.0,"4,1"
1392101237.0,1392101237.0,1
1392101238.0,1392101238.0,"4,1"
1392101238.0,1392101238.0,1
1392101239.0,1392101239.0,"4,1"
1392101239.0,1392101239.0,1
1392101240.0,1392101240.0,"4,1"
1392101240.0,1392101240.0,1
1392101241.0,1392101241.0,"4,1"
1392101241.0,1392101241.0,1
1392101242.0,1392101242.0,"4,1"
1392101242.0,1392101242.0,1
1392101243.0,1392101243.0,"4,1"
1392101243.0,1392101243.0,1
1392101244.0,1392101244.0,"4,1"
1392101244.0,1392101244.0,1
1392101245.0,1392101245.0,"4,1"
1392101245.0,1392101245.0,1
1392101246.0,1392101246.0,"4,1"
1392101246.0,1392101246.0,1
1392101247.0,1392101247.0,"4,1"
1392101247.0,1392101247.0,1
1392101248.0,1392101248.0,"4,1"
1392101248.0,1392101248.0,1
1392101249.0,1392101249.0,"4,1"
1392101249.0,1392101249.0,1
1392101250.0,1392101250.0,"4,1"
1392101250.0,1392101250.0,1
1392101251.0,1392101251.0,"4,1"
1392101251.0,1392101251.0,1
1392101252.0,1392101252.0,"4,1"
1392101252.0,1392101252.0,1
1392101253.0,1392101253.0,"4,1"
1392101253.0,1392101253.0,1
1392101254.0,1392101254.0,"4,1"
1392101254.0,1392101254.0,1
1392101255.0,1392101255.0,"4,1"
1392101255.0,1392101255.0,1
1392101256.0,1392101256.0,"4,1"
1392101256.0,1392101256.0,1
1392101257.0,1392101257.0,"4,1"
1392101257.0,1392101257.0,1
1392101258.0,1392101258.0,"4,1"
1392101258.0,1392101258.0,1
1392101259.0,1392101259.0,"4,1"
1392101259.0,1392101259.0,1
1392101260.0,1392101260.0,"4,1"
1392101260.0,1392101260.0,1
1392101261.0,1392101261.0,"4,1"
1392101261.0,1392101261.0,1
1392101262.0,1392101262.0,"4,1"
1392101262.0,1392101262.0,1
1392101263.0,1392101263.0,"4,1"
1392101263.0,1392101263.0,1
1392101264.0,1392101264.0,"4,1"
1392101264.0,1392101264.0,1
1392101265.0,1392101265.0,"4,1"
1392101265.0,1392101265.0,1
1392101266.0,1392101266.0,"4,1"
1392101266.0,1392101266.0,1
1392101267.0,1392101267.0,"4,1"
1392101267.0,1392101267.0,1
1392101268.0,1392101268.0,"4,1"
1392101268.0,1392101268.0,1
1392101269.0,1392101269.0,"4,1"
1392101269.0,1392101269.0,1
1392101270.0,1392101270.0,"4,1"
1392101270.0,1392101270.0,1
1392101271.0,1392101271.0,"4,1"
1392101271.0,1392101271.0,1
1392101272.0,1392101272.0,"4,1"
1392101272.0,1392101272.0,1
1392101273.0,1392101273.0,"4,1"
1392101273.0,1392101273.0,1
1392101274.0,1392101274.0,"4,1"
1392101274.0,1392101274.0,1
1392101275.0,1392101275.0,"4,1"
1392101275.0,1392101275.0,1
1392101276.0,1392101276.0,"4,1"
1392101276.0,1392101276.0,1
1392101277.0,1392101277.0,"4,1"
1392101277.0,1392101277.0,1
1392101278.0,1392101278.0,"4,1"
1392101278.0,1392101278.0,1
1392101279.0,1392101279.0,"4,1"
1392101279.0,1392101279.0,1
1392101280.0,1392101280.0,"4,1"
1392101280.0,1392101280.0,1
1392101281.0,1392101281.0,"4,1"
1392101281.0,1392101281.0,1
1392101282.0,1392101282.0,"4,1"
1392101282.0,1392101282.0,1
1392101283.0,1392101283.0,"4,1"
1392101283.0,1392101283.0,1
1392101284.0,1392101284.0,"4,1"
1392101284.0,1392101284.0,1
1392101285.0,1392101285.0,"4,1"
1392101285.0,1392101285.0,1
1392101286.0,1392101286.0,"4,1"
1392101286.0,1392101286.0,1
1392101287.0,1392101287.0,"4,1"
1392101287.0,1392101287.0,1
1392101288.0,1392101288.0,"4,1"
1392101288.0,1392101288.0,1
1392101289.0,1392101289.0,"4,1"
1392101289.0,1392101289.0,1
1392101290.0,1392101290.0,"4,1"
1392101290.0,1392101290.0,1
1392101291.0,1392101291.0,"4,1"
1392101291.0,1392101291.0,1
1392101292.0,1392101292.0,"4,1"
1392101292.0,1392101292.0,1
1392101293.0,1392101293.0,"4,1"
1392101293.0,1392101293.0,1
1392101294.0,1392101294.0,"4,1"
1392101294.0,1392101294.0,1
1392101295.0,1392101295.0,"4,1"
1392101295.0,1392101295.0,1
1392101296.0,1392101296.0,"4,1"
1392101296.0,1392101296.0,1
1392101297.0,1392101297.0,"4,1"
1392101297.0,1392101297.0,1
1392101298.0,1392101298.0,"4,1"
1392101298.0,1392101298.0,1
1392101299.0,1392101299.0,"4,1"
1392101299.0,1392101299.0,1
1392101300.0,1392101300.0,"4,1"
1392101300.0,1392101300.0,1
1392101301.0,1392101301.0,"4,1"
1392101301.0,1392101301.0,1
1392101302.0,1392101302.0,"4,1"
1392101302.0,1392101302.0,1
1392101303.0,1392101303.0,"4,1"
1392101303.0,1392101303.0,1
1392101304.0,1392101304.0,"4,1"
1392101304.0,1392101304.0,1
1392101305.0,1392101305.0,"4,1"
1392101305.0,1392101305.0,1
1392101306.0,1392101306.0,"4,1"
1392101306.0,1392101306.0,1
1392101307.0,1392101307.0,"4,1"
1392101307.0,1392101307.0,1
1392101308.0,1392101308.0,"4,1"
1392101308.0,1392101308.0,1
1392101309.0,1392101309.0,"4,1"
1392101309.0,1392101309.0,1
1392101310.0,1392101310.0,"4,1"
1392101310.0,1392101310.0,1
1392101311.0,1392101311.0,"4,1"
1392101311.0,1392101311.0,1
1392101312.0,1392101312.0,"4,1"
1392101312.0,1392101312.0,1
1392101313.0,1392101313.0,"4,1"
1392101313.0,1392101313.0,1
1392101314.0,1392101314.0,"4,1"
1392101314.0,1392101314.0,1
1392101315.0,1392101315.0,"4,1"
1392101315.0,1392101315.0,1
1392101316.0,1392101316.0,"4,1"
1392101316.0,1392101316.0,1
1392101317.0,1392101317.0,"4,1"
1392101317.0,1392101317.0,1
1392101318.0,1392101318.0,"4,1"
1392101318.0,1392101318.0,1
1392101319.0,1392101319.0,"4,1"
1392101319.0,1392101319.0,1
1392101320.0,1392101320.0,"4,1"
1392101320.0,1392101320.0,1
1392101321.0,1392101321.0,"4,1"
1392101321.0,1392101321.0,1
1392101322.0,1392101322.0,"4,1"
1392101322.0,1392101322.0,1
1392101323.0,1392101323.0,"4,1"
1392101323.0,1392101323.0,1
1392101324.0,1392101324.0,"4,1"
1392101324.0,1392101324.0,1
1392101325.0,1392101325.0,"4,1"
1392101325.0,1392101325.0,1
1392101326.0,1392101326.0,"4,1"
1392101326.0,1392101326.0,1
1392101327.0,1392101327.0,"4,1"
1392101327.0,1392101327.0,1
1392101328.0,1392101328.0,"4,1"
1392101328.0,1392101328.0,1
1392101329.0,1392101329.0,"4,1"
1392101329.0,1392101329.0,1
1392101330.0,1392101330.0,"4,1"
1392101330.0,1392101330.0,1
1392101331.0,1392101331.0,"4,1"
1392101331.0,1392101331.0,1
1392101332.0,1392101332.0,"4,1"
1392101332.0,1392101332.0,1
1392101333.0,1392101333.0,"4,1"
1392101333.0,1392101333.0,1
1392101334.0,1392101334.0,"4,1"
1392101334.0,1392101334.0,1
1392101335.0,1392101335.0,"4,1"
1392101335.0,1392101335.0,1
1392101336.0,1392101336.0,"4,1"
1392101336.0,1392101336.0,1
1392101337.0,1392101337.0,"4,1"
1392101337.0,1392101337.0,1
1392101338.0,1392101338.0,"4,1"
1392101338.0,1392101338.0,1
1392101339.0,1392101339.0,"4,1"
1392101339.0,1392101339.0,1
1392101340.0,1392101340.0,"4,1"
1392101340.0,1392101340.0,1
1392101341.0,1392101341.0,"4,1"
1392101341.0,1392101341.0,1
1392101342.0,1392101342.0,"4,1"
1392101342.0,1392101342.0,1
1392101343.0,1392101343.0,"4,1"
1392101343.0,1392101343.0,1
1392101344.0,1392101344.0,"4,1"
1392101344.0,1392101344.0,1
1392101345.0,1392101345.0,"4,1"
1392101345.0,1392101345.0,1
1392101346.0,1392101346.0,"4,1"
1392101346.0,1392101346.0,1
1392101347.0,1392101347.0,"4,1"
1392101347.0,1392101347.0,1
1392101348.0,1392101348.0,"4,1"
1392101348.0,1392101348.0,1
1392101349.0,1392101349.0,"4,1"
1392101349.0,1392101349.0,1
1392101350.0,1392101350.0,"4,1"
1392101350.0,1392101350.0,1
1392101351.0,1392101351.0,"4,1"
1392101351.0,1392101351.0,1
1392101352.0,1392101352.0,"4,1"
1392101352.0,1392101352.0,1
1392101353.0,1392101353.0,"4,1"
1392101353.0,1392101353.0,1
1392101354.0,1392101354.0,"4,1"
1392101354.0,1392101354.0,1
1392101355.0,1392101355.0,"4,1"
1392101355.0,1392101355.0,1
1392101356.0,1392101356.0,"4,1"
1392101356.0,1392101356.0,1
1392101357.0,1392101357.0,"4,1"
1392101357.0,1392101357.0,1
1392101358.0,1392101358.0,"4,1"
1392101358.0,1392101358.0,1
1392101359.0,1392101359.0,"4,1"
1392101359.0,1392101359.0,1
1392101360.0,1392101360.0,"4,1"
1392101360.0,1392101360.0,1
1392101361.0,1392101361.0,"4,1"
1392101361.0,1392101361.0,1
1392101362.0,1392101362.0,"4,1"
1392101362.0,1392101362.0,1
1392101363.0,1392101363.0,"4,1"
1392101363.0,1392101363.0,1
1392101364.0,1392101364.0,"4,1"
1392101364.0,1392101364.0,1
1392101365.0,1392101365.0,"4,1"
1392101365.0,1392101365.0,1
1392101366.0,1392101366.0,"4,1"
1392101366.0,1392101366.0,1
1392101367.0,1392101367.0,"4,1"
1392101367.0,1392101367.0,1
1392101368.0,1392101368.0,"4,1"
1392101368.0,1392101368.0,1
1392101369.0,1392101369.0,"4,1"
1392101369.0,1392101369.0,1
1392101370.0,1392101370.0,"4,1"
1392101370.0,1392101370.0,1
1392101371.0,1392101371.0,"4,1"
1392101371.0,1392101371.0,1
1392101372.0,1392101372.0,"4,1"
1392101372.0,1392101372.0,1
1392101373.0,1392101373.0,"4,1"
1392101373.0,1392101373.0,1
1392101374.0,1392101374.0,"4,1"
1392101374.0,1392101374.0,1
1392101375.0,1392101375.0,"4,1"
1392101375.0,1392101375.0,1
1392101376.0,1392101376.0,"4,1"
1392101376.0,1392101376.0,1
1392101377.0,1392101377.0,"4,1"
1392101377.0,1392101377.0,1
1392101378.0,1392101378.0,"4,1"
1392101378.0,1392101378.0,1
1392101379.0,1392101379.0,"4,1"
1392101379.0,1392101379.0,1
1392101380.0,1392101380.0,"4,1"
1392101380.0,1392101380.0,1
1392101381.0,1392101381.0,"4,1"
1392101381.0,1392101381.0,1
1392101382.0,1392101382.0,"4,1"
1392101382.0,1392101382.0,1
1392101383.0,1392101383.0,"4,1"
1392101383.0,1392101383.0,1
1392101384.0,1392101384.0,"4,1"
1392101384.0,1392101384.0,1
1392101385.0,1392101385.0,"4,1"
1392101385.0,1392101385.0,1
1392101386.0,1392101386.0,"4,1"
1392101386.0,1392101386.0,1
1392101387.0,1392101387.0,"4,1"
1392101387.0,1392101387.0,1
1392101388.0,1392101388.0,"4,1"
1392101388.0,1392101388.0,1
1392101389.0,1392101389.0,"4,1"
1392101389.0,1392101389.0,1
1392101390.0,1392101390.0,"4,1"
1392101390.0,1392101390.0,1
1392101391.0,1392101391.0,"4,1"
1392101391.0,1392101391.0,1
1392101392.0,1392101392.0,"4,1"
1392101392.0,1392101392.0,1
1392101393.0,1392101393.0,"4,1"
1392101393.0,1392101393.0,1
1392101394.0,1392101394.0,"4,1"
1392101394.0,1392101394.0,1
1392101395.0,1392101395.0,"4,1"
1392101395.0,1392101395.0,1
1392101396.0,1392101396.0,"4,1"
1392101396.0,1392101396.0,1
1392101397.0,1392101397.0,"4,1"
1392101397.0,1392101397.0,1
1392101398.0,1392101398.0,"4,1"
1392101398.0,1392101398.0,1
1392101399.0,1392101399.0,"4,1"
1392101399.0,1392101399.0,1
1392101400.0,1392101400.0,"4,1"
1392101400.0,1392101400.0,1
1392101401.0,1392101401.0,"4,1"
1392101401.0,1392101401.0,1
1392101402.0,1392101402.0,"4,1"
1392101402.0,1392101402.0,1
1392101403.0,1392101403.0,"4,1"
1392101403.0,1392101403.0,1
1392101404.0,1392101404.0,"4,1"
1392101404.0,1392101404.0,1
1392101405.0,1392101405.0,"4,1"
1392101405.0,1392101405.0,1
1392101406.0,1392101406.0,"4,1"
1392101406.0,1392101406.0,1
1392101407.0,1392101407.0,"4,1"
1392101407.0,1392101407.0,1
1392101408.0,1392101408.0,"4,1"
1392101408.0,1392101408.0,1
1392101409.0,1392101409.0,"4,1"
1392101409.0,1392101409.0,1
1392101410.0,1392101410.0,"4,1"
1392101410.0,1392101410.0,1
1392101411.0,1392101411.0,"4,1"
1392101411.0,1392101411.0,1
1392101412.0,1392101412.0,"4,1"
1392101412.0,1392101412.0,1
1392101413.0,1392101413.0,"4,1"
1392101413.0,1392101413.0,1
1392101414.0,1392101414.0,"4,1"
1392101414.0,1392101414.0,1
1392101415.0,1392101415.0,"4,1"
1392101415.0,1392101415.0,1
1392101416.0,1392101416.0,"4,1"
1392101416.0,1392101416.0,1
1392101417.0,1392101417.0,"4,1"
1392101417.0,1392101417.0,1
1392101418.0,1392101418.0,"4,1"
1392101418.0,1392101418.0,1
1392101419.0,1392101419.0,"4,1"
1392101419.0,1392101419.0,1
1392101420.0,1392101420.0,"4,1"
1392101420.0,1392101420.0,1
1392101421.0,1392101421.0,"4,1"
1392101421.0,1392101421.0,1
1392101422.0,1392101422.0,"4,1"
1392101422.0,1392101422.0,1
1392101423.0,1392101423.0,"4,1"
1392101423.0,1392101423.0,1
1392101424.0,1392101424.0,"4,1"
1392101424.0,1392101424.0,1
1392101425.0,1392101425.0,"4,1"
1392101425.0,1392101425.0,1
1392101426.0,1392101426.0,"4,1"
1392101426.0,1392101426.0,1
1392101427.0,1392101427.0,"4,1"
1392101427.0,1392101427.0,1
1392101428.0,1392101428.0,"4,1"
1392101428.0,1392101428.0,1
1392101429.0,1392101429.0,"4,1"
1392101429.0,1392101429.0,1
1392101430.0,1392101430.0,"4,1"
1392101430.0,1392101430.0,1
1392101431.0,1392101431.0,"4,1"
1392101431.0,1392101431.0,1
1392101432.0,1392101432.0,"4,1"
1392101432.0,1392101432.0,1
1392101433.0,1392101433.0,"4,1"
1392101433.0,1392101433.0,1
1392101434.0,1392101434.0,"4,1"
1392101434.0,1392101434.0,1
1392101435.0,1392101435.0,"4,1"
1392101435.0,1392101435.0,1
1392101436.0,1392101436.0,"4,1"
1392101436.0,1392101436.0,1
1392101437.0,1392101437.0,"4,1"
1392101437.0,1392101437.0,1
1392101438.0,1392101438.0,"4,1"
1392101438.0,1392101438.0,1
1392101439.0,1392101439.0,"4,1"
1392101439.0,1392101439.0,1
1392101440.0,1392101440.0,"4,1"
1392101440.0,1392101440.0,1
1392101441.0,1392101441.0,"4,1"
1392101441.0,1392101441.0,1
1392101442.0,1392101442.0,"4,1"
1392101442.0,1392101442.0,1
1392101443.0,1392101443.0,"4,1"
1392101443.0,1392101443.0,1
1392101444.0,1392101444.0,"4,1"
1392101444.0,1392101444.0,1
1392101445.0,1392101445.0,"4,1"
1392101445.0,1392101445.0,1
1392101446.0,1392101446.0,"4,1"
1392101446.0,1392101446.0,1
1392101447.0,1392101447.0,"4,1"
1392101447.0,1392101447.0,1
1392101448.0,1392101448.0,"4,1"
1392101448.0,1392101448.0,1
1392101449.0,1392101449.0,"4,1"
1392101449.0,1392101449.0,1
1392101450.0,1392101450.0,"4,1"
1392101450.0,1392101450.0,1
1392101451.0,1392101451.0,"4,1"
1392101451.0,1392101451.0,1
1392101452.0,1392101452.0,"4,1"
1392101452.0,1392101452.0,1
1392101453.0,1392101453.0,"4,1"
1392101453.0,1392101453.0,1
1392101454.0,1392101454.0,"4,1"
1392101454.0,1392101454.0,1
1392101455.0,1392101455.0,"4,1"
1392101455.0,1392101455.0,1
1392101456.0,1392101456.0,"4,1"
1392101456.0,1392101456.0,1
1392101457.0,1392101457.0,"4,1"
1392101457.0,1392101457.0,1
1392101458.0,1392101458.0,"4,1"
1392101458.0,1392101458.0,1
1392101459.0,1392101459.0,"4,1"
1392101459.0,1392101459.0,1
1392101460.0,1392101460.0,"4,1"
1392101460.0,1392101460.0,1
1392101461.0,1392101461.0,"4,1"
1392101461.0,1392101461.0,1
1392101462.0,1392101462.0,"4,1"
1392101462.0,1392101462.0,1
1392101463.0,1392101463.0,"4,1"
1392101463.0,1392101463.0,1
1392101464.0,1392101464.0,"4,1"
1392101464.0,1392101464.0,1
1392101465.0,1392101465.0,"4,1"
1392101465.0,1392101465.0,1
1392101466.0,1392101466.0,"4,1"
1392101466.0,1392101466.0,1
1392101467.0,1392101467.0,"4,1"
1392101467.0,1392101467.0,1
1392101468.0,1392101468.0,"4,1"
1392101468.0,1392101468.0,1
1392101469.0,1392101469.0,"4,1"
1392101469.0,1392101469.0,1
1392101470.0,1392101470.0,"4,1"
1392101470.0,1392101470.0,1
1392101471.0,1392101471.0,"4,1"
1392101471.0,1392101471.0,1
1392101472.0,1392101472.0,"4,1"
1392101472.0,1392101472.0,1
1392101473.0,1392101473.0,"4,1"
1392101473.0,1392101473.0,1
1392101474.0,1392101474.0,"4,1"
1392101474.0,1392101474.0,1
1392101475.0,1392101475.0,"4,1"
1392101475.0,1392101475.0,1
1392101476.0,1392101476.0,"4,1"
1392101476.0,1392101476.0,1
1392101477.0,1392101477.0,"4,1"
1392101477.0,1392101477.0,1
1392101478.0,1392101478.0,"4,1"
1392101478.0,1392101478.0,1
1392101479.0,1392101479.0,"4,1"
1392101479.0,1392101479.0,1
1392101480.0,1392101480.0,"4,1"
1392101480.0,1392101480.0,1
1392101481.0,1392101481.0,"4,1"
1392101481.0,1392101481.0,1
1392101482.0,1392101482.0,"4,1"
1392101482.0,1392101482.0,1
1392101483.0,1392101483.0,"4,1"
1392101483.0,1392101483.0,1
1392101484.0,1392101484.0,"4,1"
1392101484.0,1392101484.0,1
1392101485.0,1392101485.0,"4,1"
1392101485.0,1392101485.0,1
1392101486.0,1392101486.0,"4,1"
1392101486.0,1392101486.0,1
1392101487.0,1392101487.0,"4,1"
1392101487.0,1392101487.0,1
1392101488.0,1392101488.0,"4,1"
1392101488.0,1392101488.0,1
1392101489.0,1392101489.0,"4,1"
1392101489.0,1392101489.0,1
1392101490.0,1392101490.0,"4,1"
1392101490.0,1392101490.0,1
1392101491.0,1392101491.0,"4,1"
1392101491.0,1392101491.0,1
1392101492.0,1392101492.0,"4,1"
1392101492.0,1392101492.0,1
1392101493.0,1392101493.0,"4,1"
1392101493.0,1392101493.0,1
1392101494.0,1392101494.0,"4,1"
1392101494.0,1392101494.0,1
1392101495.0,1392101495.0,"4,1"
1392101495.0,1392101495.0,1
1392101496.0,1392101496.0,"4,1"
1392101496.0,1392101496.0,1
1392101497.0,1392101497.0,"4,1"
1392101497.0,1392101497.0,1
1392101498.0,1392101498.0,"4,1"
1392101498.0,1392101498.0,1
1392101499.0,1392101499.0,"4,1"
1392101499.0,1392101499.0,1
1392101500.0,1392101500.0,"4,1"
1392101500.0,1392101500.0,1
1392101501.0,1392101501.0,"4,1"
1392101501.0,1392101501.0,1
1392101502.0,1392101502.0,"4,1"
1392101502.0,1392101502.0,1
1392101503.0,1392101503.0,"4,1"
1392101503.0,1392101503.0,1
1392101504.0,1392101504.0,"4,1"
1392101504.0,1392101504.0,1
1392101505.0,1392101505.0,"4,1"
1392101505.0,1392101505.0,1
1392101506.0,1392101506.0,"4,1"
1392101506.0,1392101506.0,1
1392101507.0,1392101507.0,"4,1"
1392101507.0,1392101507.0,1
1392101508.0,1392101508.0,"4,1"
1392101508.0,1392101508.0,1
1392101509.0,1392101509.0,"4,1"
1392101509.0,1392101509.0,1
1392101510.0,1392101510.0,"4,1"
1392101510.0,1392101510.0,1
1392101511.0,1392101511.0,"4,1"
1392101511.0,1392101511.0,1
1392101512.0,1392101512.0,"4,1"
1392101512.0,1392101512.0,1
1392101513.0,1392101513.0,"4,1"
1392101513.0,1392101513.0,1
1392101514.0,1392101514.0,"4,1"
1392101514.0,1392101514.0,1
1392101515.0,1392101515.0,"4,1"
1392101515.0,1392101515.0,1
1392101516.0,1392101516.0,"4,1"
1392101516.0,1392101516.0,1
1392101517.0,1392101517.0,"4,1"
1392101517.0,1392101517.0,1
1392101518.0,1392101518.0,"4,1"
1392101518.0,1392101518.0,1
1392101519.0,1392101519.0,"4,1"
1392101519.0,1392101519.0,1
1392101520.0,1392101520.0,"4,1"
1392101520.0,1392101520.0,1
1392101521.0,1392101521.0,"4,1"
1392101521.0,1392101521.0,1
1392101522.0,1392101522.0,"4,1"
1392101522.0,1392101522.0,1
1392101523.0,1392101523.0,"4,1"
1392101523.0,1392101523.0,1
1392101524.0,1392101524.0,"4,1"
1392101524.0,1392101524.0,1
1392101525.0,1392101525.0,"4,1"
1392101525.0,1392101525.0,1
1392101526.0,1392101526.0,"4,1"
1392101526.0,1392101526.0,1
1392101527.0,1392101527.0,"4,1"
1392101527.0,1392101527.0,1
1392101528.0,1392101528.0,"4,1"
1392101528.0,1392101528.0,1
1392101529.0,1392101529.0,"4,1"
1392101529.0,1392101529.0,1
1392101530.0,1392101530.0,"4,1"
1392101530.0,1392101530.0,1
1392101531.0,1392101531.0,"4,1"
1392101531.0,1392101531.0,1
1392101532.0,1392101532.0,"4,1"
1392101532.0,1392101532.0,1
1392101533.0,1392101533.0,"4,1"
1392101533.0,1392101533.0,1
1392101534.0,1392101534.0,"4,1"
1392101534.0,1392101534.0,1
1392101535.0,1392101535.0,"4,1"
1392101535.0,1392101535.0,1
1392101536.0,1392101536.0,"4,1"
1392101536.0,1392101536.0,1
1392101537.0,1392101537.0,"4,1"
1392101537.0,1392101537.0,1
1392101538.0,1392101538.0,"4,1"
1392101538.0,1392101538.0,1
1392101539.0,1392101539.0,"4,1"
1392101539.0,1392101539.0,1
1392101540.0,1392101540.0,"4,1"
1392101540.0,1392101540.0,1
1392101541.0,1392101541.0,"4,1"
1392101541.0,1392101541.0,1
1392101542.0,1392101542.0,"4,1"
1392101542.0,1392101542.0,1
1392101543.0,1392101543.0,"4,1"
1392101543.0,1392101543.0,1
1392101544.0,1392101544.0,"4,1"
1392101544.0,1392101544.0,1
1392101545.0,1392101545.0,"4,1"
1392101545.0,1392101545.0,1
1392101546.0,1392101546.0,"4,1"
1392101546.0,1392101546.0,1
1392101547.0,1392101547.0,"4,1"
1392101547.0,1392101547.0,1
1392101548.0,1392101548.0,"4,1"
1392101548.0,1392101548.0,1
1392101549.0,1392101549.0,"4,1"
1392101549.0,1392101549.0,1
1392101550.0,1392101550.0,"4,1"
1392101550.0,1392101550.0,1
1392101551.0,1392101551.0,"4,1"
1392101551.0,1392101551.0,1
1392101552.0,1392101552.0,"4,1"
1392101552.0,1392101552.0,1
1392101553.0,1392101553.0,"4,1"
1392101553.0,1392101553.0,1
1392101554.0,1392101554.0,"4,1"
1392101554.0,1392101554.0,1
1392101555.0,1392101555.0,"4,1"
1392101555.0,1392101555.0,1
1392101556.0,1392101556.0,"4,1"
1392101556.0,1392101556.0,1
1392101557.0,1392101557.0,"4,1"
1392101557.0,1392101557.0,1
1392101558.0,1392101558.0,"4,1"
1392101558.0,1392101558.0,1
1392101559.0,1392101559.0,"4,1"
1392101559.0,1392101559.0,1
1392101560.0,1392101560.0,"4,1"
1392101560.0,1392101560.0,1
1392101561.0,1392101561.0,"4,1"
1392101561.0,1392101561.0,1
1392101562.0,1392101562.0,"4,1"
1392101562.0,1392101562.0,1
1392101563.0,1392101563.0,"4,1"
1392101563.0,1392101563.0,1
1392101564.0,1392101564.0,"4,1"
1392101564.0,1392101564.0,1
1392101565.0,1392101565.0,"4,1"
1392101565.0,1392101565.0,1
1392101566.0,1392101566.0,"4,1"
1392101566.0,1392101566.0,1
1392101567.0,1392101567.0,"4,1"
1392101567.0,1392101567.0,1
1392101568.0,1392101568.0,"4,1"
1392101568.0,1392101568.0,1
1392101569.0,1392101569.0,"4,1"
1392101569.0,1392101569.0,1
1392101570.0,1392101570.0,"4,1"
1392101570.0,1392101570.0,1
1392101571.0,1392101571.0,"4,1"
1392101571.0,1392101571.0,1
1392101572.0,1392101572.0,"4,1"
1392101572.0,1392101572.0,1
1392101573.0,1392101573.0,"4,1"
1392101573.0,1392101573.0,1
1392101574.0,1392101574.0,"4,1"
1392101574.0,1392101574.0,1
1392101575.0,1392101575.0,"4,1"
1392101575.0,1392101575.0,1
1392101576.0,1392101576.0,"4,1"
1392101576.0,1392101576.0,1
1392101577.0,1392101577.0,"4,1"
1392101577.0,1392101577.0,1
1392101578.0,1392101578.0,"4,1"
1392101578.0,1392101578.0,1
1392101579.0,1392101579.0,"4,1"
1392101579.0,1392101579.0,1
1392101580.0,1392101580.0,"4,1"
1392101580.0,1392101580.0,1
1392101581.0,1392101581.0,"4,1"
1392101581.0,1392101581.0,1
1392101582.0,1392101582.0,"4,1"
1392101582.0,1392101582.0,1
1392101583.0,1392101583.0,"4,1"
1392101583.0,1392101583.0,1
1392101584.0,1392101584.0,"4,1"
1392101584.0,1392101584.0,1
1392101585.0,1392101585.0,"4,1"
1392101585.0,1392101585.0,1
1392101586.0,1392101586.0,"4,1"
1392101586.0,1392101586.0,1
1392101587.0,1392101587.0,"4,1"
1392101587.0,1392101587.0,1
1392101588.0,1392101588.0,"4,1"
1392101588.0,1392101588.0,1
1392101589.0,1392101589.0,"4,1"
1392101589.0,1392101589.0,1
1392101590.0,1392101590.0,"4,1"
1392101590.0,1392101590.0,1
1392101591.0,1392101591.0,"4,1"
1392101591.0,1392101591.0,1
1392101592.0,1392101592.0,"4,1"
1392101592.0,1392101592.0,1
1392101593.0,1392101593.0,"4,1"
1392101593.0,1392101593.0,1
1392101594.0,1392101594.0,"4,1"
1392101594.0,1392101594.0,1
1392101595.0,1392101595.0,"4,1"
1392101595.0,1392101595.0,1
1392101596.0,1392101596.0,"4,1"
1392101596.0,1392101596.0,1
1392101597.0,1392101597.0,"4,1"
1392101597.0,1392101597.0,1
1392101598.0,1392101598.0,"4,1"
1392101598.0,1392101598.0,1
1392101599.0,1392101599.0,"4,1"
1392101599.0,1392101599.0,1
1392101600.0,1392101600.0,"4,1"
1392101600.0,1392101600.0,1
1392101601.0,1392101601.0,"4,1"
1392101601.0,1392101601.0,1
1392101602.0,1392101602.0,"4,1"
1392101602.0,1392101602.0,1
1392101603.0,1392101603.0,"4,1"
1392101603.0,1392101603.0,1
1392101604.0,1392101604.0,"4,1"
1392101604.0,1392101604.0,1
1392101605.0,1392101605.0,"4,1"
1392101605.0,1392101605.0,1
1392101606.0,1392101606.0,"4,1"
1392101606.0,1392101606.0,1
1392101607.0,1392101607.0,"4,1"
1392101607.0,1392101607.0,1
1392101608.0,1392101608.0,"4,1"
1392101608.0,1392101608.0,1
1392101609.0,1392101609.0,"4,1"
1392101609.0,1392101609.0,1
1392101610.0,1392101610.0,"4,1"
1392101610.0,1392101610.0,1
1392101611.0,1392101611.0,"4,1"
1392101611.0,1392101611.0,1
1392101612.0,1392101612.0,"4,1"
1392101612.0,1392101612.0,1
1392101613.0,1392101613.0,"4,1"
1392101613.0,1392101613.0,1
1392101614.0,1392101614.0,"4,1"
1392101614.0,1392101614.0,1
1392101615.0,1392101615.0,"4,1"
1392101615.0,1392101615.0,1
1392101616.0,1392101616.0,"4,1"
1392101616.0,1392101616.0,1
1392101617.0,1392101617.0,"4,1"
1392101617.0,1392101617.0,1
1392101618.0,1392101618.0,"4,1"
1392101618.0,1392101618.0,1
1392101619.0,1392101619.0,"4,1"
1392101619.0,1392101619.0,1
1392101620.0,1392101620.0,"4,1"
1392101620.0,1392101620.0,1
1392101621.0,1392101621.0,"4,1"
1392101621.0,1392101621.0,1
1392101622.0,1392101622.0,"4,1"
1392101622.0,1392101622.0,1
1392101623.0,1392101623.0,"4,1"
1392101623.0,1392101623.0,1
1392101624.0,1392101624.0,"4,1"
1392101624.0,1392101624.0,1
1392101625.0,1392101625.0,"4,1"
1392101625.0,1392101625.0,1
1392101626.0,1392101626.0,"4,1"
1392101626.0,1392101626.0,1
1392101627.0,1392101627.0,"4,1"
1392101627.0,1392101627.0,1
1392101628.0,1392101628.0,"4,1"
1392101628.0,1392101628.0,1
1392101629.0,1392101629.0,"4,1"
1392101629.0,1392101629.0,1
1392101630.0,1392101630.0,"4,1"
1392101630.0,1392101630.0,1
1392101631.0,1392101631.0,"4,1"
1392101631.0,1392101631.0,1
1392101632.0,1392101632.0,"4,1"
1392101632.0,1392101632.0,1
1392101633.0,1392101633.0,"4,1"
1392101633.0,1392101633.0,1
1392101634.0,1392101634.0,"4,1"
1392101634.0,1392101634.0,1
1392101635.0,1392101635.0,"4,1"
1392101635.0,1392101635.0,1
1392101636.0,1392101636.0,"4,1"
1392101636.0,1392101636.0,1
1392101637.0,1392101637.0,"4,1"
1392101637.0,1392101637.0,1
1392101638.0,1392101638.0,"4,1"
1392101638.0,1392101638.0,1
1392101639.0,1392101639.0,"4,1"
1392101639.0,1392101639.0,1
1392101640.0,1392101640.0,"4,1"
1392101640.0,1392101640.0,1
1392101641.0,1392101641.0,"4,1"
1392101641.0,1392101641.0,1
1392101642.0,1392101642.0,"4,1"
1392101642.0,1392101642.0,1
1392101643.0,1392101643.0,"4,1"
1392101643.0,1392101643.0,1
1392101644.0,1392101644.0,"4,1"
1392101644.0,1392101644.0,1
1392101645.0,1392101645.0,"4,1"
1392101645.0,1392101645.0,1
1392101646.0,1392101646.0,"4,1"
1392101646.0,1392101646.0,1
1392101647.0,1392101647.0,"4,1"
1392101647.0,1392101647.0,1
1392101648.0,1392101648.0,"4,1"
1392101648.0,1392101648.0,1
1392101649.0,1392101649.0,"4,1"
1392101649.0,1392101649.0,1
1392101650.0,1392101650.0,"4,1"
1392101650.0,1392101650.0,1
1392101651.0,1392101651.0,"4,1"
1392101651.0,1392101651.0,1
1392101652.0,1392101652.0,"4,1"
1392101652.0,1392101652.0,1
1392101653.0,1392101653.0,"4,1"
1392101653.0,1392101653.0,1
1392101654.0,1392101654.0,"4,1"
1392101654.0,1392101654.0,1
1392101655.0,1392101655.0,"4,1"
1392101655.0,1392101655.0,1
1392101656.0,1392101656.0,"4,1"
1392101656.0,1392101656.0,1
1392101657.0,1392101657.0,"4,1"
1392101657.0,1392101657.0,1
1392101658.0,1392101658.0,"4,1"
1392101658.0,1392101658.0,1
1392101659.0,1392101659.0,"4,1"
1392101659.0,1392101659.0,1
1392101660.0,1392101660.0,"4,1"
1392101660.0,1392101660.0,1
1392101661.0,1392101661.0,"4,1"
1392101661.0,1392101661.0,1
1392101662.0,1392101662.0,"4,1"
1392101662.0,1392101662.0,1
1392101663.0,1392101663.0,"4,1"
1392101663.0,1392101663.0,1
1392101664.0,1392101664.0,"4,1"
1392101664.0,1392101664.0,1
1392101665.0,1392101665.0,"4,1"
1392101665.0,1392101665.0,1
1392101666.0,1392101666.0,"4,1"
1392101666.0,1392101666.0,1
1392101667.0,1392101667.0,"4,1"
1392101667.0,1392101667.0,1
1392101668.0,1392101668.0,"4,1"
1392101668.0,1392101668.0,1
1392101669.0,1392101669.0,"4,1"
1392101669.0,1392101669.0,1
1392101670.0,1392101670.0,"4,1"
1392101670.0,1392101670.0,1
1392101671.0,1392101671.0,"4,1"
1392101671.0,1392101671.0,1
1392101672.0,1392101672.0,"4,1"
1392101672.0,1392101672.0,1
1392101673.0,1392101673.0,"4,1"
1392101673.0,1392101673.0,1
1392101674.0,1392101674.0,"4,1"
1392101674.0,1392101674.0,1
1392101675.0,1392101675.0,"4,1"
1392101675.0,1392101675.0,1
1392101676.0,1392101676.0,"4,1"
1392101676.0,1392101676.0,1
1392101677.0,1392101677.0,"4,1"
1392101677.0,1392101677.0,1
1392101678.0,1392101678.0,"4,1"
1392101678.0,1392101678.0,1
1392101679.0,1392101679.0,"4,1"
1392101679.0,1392101679.0,1
1392101680.0,1392101680.0,"4,1"
1392101680.0,1392101680.0,1
1392101681.0,1392101681.0,"4,1"
1392101681.0,1392101681.0,1
1392101682.0,1392101682.0,"4,1"
1392101682.0,1392101682.0,1
1392101683.0,1392101683.0,"4,1"
1392101683.0,1392101683.0,1
1392101684.0,1392101684.0,"4,1"
1392101684.0,1392101684.0,1
1392101685.0,1392101685.0,"4,1"
1392101685.0,1392101685.0,1
1392101686.0,1392101686.0,"4,1"
1392101686.0,1392101686.0,1
1392101687.0,1392101687.0,"4,1"
1392101687.0,1392101687.0,1
1392101688.0,1392101688.0,"4,1"
1392101688.0,1392101688.0,1
1392101689.0,1392101689.0,"4,1"
1392101689.0,1392101689.0,1
1392101690.0,1392101690.0,"4,1"
1392101690.0,1392101690.0,1
1392101691.0,1392101691.0,"4,1"
1392101691.0,1392101691.0,1
1392101692.0,1392101692.0,"4,1"
1392101692.0,1392101692.0,1
1392101693.0,1392101693.0,"4,1"
1392101693.0,1392101693.0,1
1392101694.0,1392101694.0,"4,1"
1392101694.0,1392101694.0,1
1392101695.0,1392101695.0,"4,1"
1392101695.0,1392101695.0,1
1392101696.0,1392101696.0,"4,1"
1392101696.0,1392101696.0,1
1392101697.0,1392101697.0,"4,1"
1392101697.0,1392101697.0,1
1392101698.0,1392101698.0,"4,1"
1392101698.0,1392101698.0,1
1392101699.0,1392101699.0,"4,1"
1392101699.0,1392101699.0,1
1392101700.0,1392101700.0,"4,1"
1392101700.0,1392101700.0,1
1392101701.0,1392101701.0,"4,1"
1392101701.0,1392101701.0,1
1392101702.0,1392101702.0,"4,1"
1392101702.0,1392101702.0,1
1392101703.0,1392101703.0,"4,1"
1392101703.0,1392101703.0,1
1392101704.0,1392101704.0,"4,1"
1392101704.0,1392101704.0,1
1392101705.0,1392101705.0,"4,1"
1392101705.0,1392101705.0,1
1392101706.0,1392101706.0,"4,1"
1392101706.0,1392101706.0,1
1392101707.0,1392101707.0,"4,1"
1392101707.0,1392101707.0,1
1392101708.0,1392101708.0,"4,1"
1392101708.0,1392101708.0,1
1392101709.0,1392101709.0,"4,1"
1392101709.0,1392101709.0,1
1392101710.0,1392101710.0,"4,1"
1392101710.0,1392101710.0,1
1392101711.0,1392101711.0,"4,1"
1392101711.0,1392101711.0,1
1392101712.0,1392101712.0,"4,1"
1392101712.0,1392101712.0,1
1392101713.0,1392101713.0,"4,1"
1392101713.0,1392101713.0,1
1392101714.0,1392101714.0,"4,1"
1392101714.0,1392101714.0,1
1392101715.0,1392101715.0,"4,1"
1392101715.0,1392101715.0,1
1392101716.0,1392101716.0,"4,1"
1392101716.0,1392101716.0,1
1392101717.0,1392101717.0,"4,1"
1392101717.0,1392101717.0,1
1392101718.0,1392101718.0,"4,1"
1392101718.0,1392101718.0,1
1392101719.0,1392101719.0,"4,1"
1392101719.0,1392101719.0,1
1392101720.0,1392101720.0,"4,1"
1392101720.0,1392101720.0,1
1392101721.0,1392101721.0,"4,1"
1392101721.0,1392101721.0,1
1392101722.0,1392101722.0,"4,1"
1392101722.0,1392101722.0,1
1392101723.0,1392101723.0,"4,1"
1392101723.0,1392101723.0,1
1392101724.0,1392101724.0,"4,1"
1392101724.0,1392101724.0,1
1392101725.0,1392101725.0,"4,1"
1392101725.0,1392101725.0,1
1392101726.0,1392101726.0,"4,1"
1392101726.0,1392101726.0,1
1392101727.0,1392101727.0,"4,1"
1392101727.0,1392101727.0,1
1392101728.0,1392101728.0,"4,1"
1392101728.0,1392101728.0,1
1392101729.0,1392101729.0,"4,1"
1392101729.0,1392101729.0,1
1392101730.0,1392101730.0,"4,1"
1392101730.0,1392101730.0,1
1392101731.0,1392101731.0,"4,1"
1392101731.0,1392101731.0,1
1392101732.0,1392101732.0,"4,1"
1392101732.0,1392101732.0,1
1392101733.0,1392101733.0,"4,1"
1392101733.0,1392101733.0,1
1392101734.0,1392101734.0,"4,1"
1392101734.0,1392101734.0,1
1392101735.0,1392101735.0,"4,1"
1392101735.0,1392101735.0,1
1392101736.0,1392101736.0,"4,1"
1392101736.0,1392101736.0,1
1392101737.0,1392101737.0,"4,1"
1392101737.0,1392101737.0,1
1392101738.0,1392101738.0,"4,1"
1392101738.0,1392101738.0,1
1392101739.0,1392101739.0,"4,1"
1392101739.0,1392101739.0,1
1392101740.0,1392101740.0,"4,1"
1392101740.0,1392101740.0,1
1392101741.0,1392101741.0,"4,1"
1392101741.0,1392101741.0,1
1392101742.0,1392101742.0,"4,1"
1392101742.0,1392101742.0,1
1392101743.0,1392101743.0,"4,1"
1392101743.0,1392101743.0,1
1392101744.0,1392101744.0,"4,1"
1392101744.0,1392101744.0,1
1392101745.0,1392101745.0,"4,1"
1392101745.0,1392101745.0,1
1392101746.0,1392101746.0,"4,1"
1392101746.0,1392101746.0,1
1392101747.0,1392101747.0,"4,1"
1392101747.0,1392101747.0,1
1392101748.0,1392101748.0,"4,1"
1392101748.0,1392101748.0,1
1392101749.0,1392101749.0,"4,1"
1392101749.0,1392101749.0,1
1392101750.0,1392101750.0,"4,1"
1392101750.0,1392101750.0,1
1392101751.0,1392101751.0,"4,1"
1392101751.0,1392101751.0,1
1392101752.0,1392101752.0,"4,1"
1392101752.0,1392101752.0,1
1392101753.0,1392101753.0,"4,1"
1392101753.0,1392101753.0,1
1392101754.0,1392101754.0,"4,1"
1392101754.0,1392101754.0,1
1392101755.0,1392101755.0,"4,1"
1392101755.0,1392101755.0,1
1392101756.0,1392101756.0,"4,1"
1392101756.0,1392101756.0,1
1392101757.0,1392101757.0,"4,1"
1392101757.0,1392101757.0,1
1392101758.0,1392101758.0,"4,1"
1392101758.0,1392101758.0,1
1392101759.0,1392101759.0,"4,1"
1392101759.0,1392101759.0,1
1392101760.0,1392101760.0,"4,1"
1392101760.0,1392101760.0,1
1392101761.0,1392101761.0,"4,1"
1392101761.0,1392101761.0,1
1392101762.0,1392101762.0,"4,1"
1392101762.0,1392101762.0,1
1392101763.0,1392101763.0,"4,1"
1392101763.0,1392101763.0,1
1392101764.0,1392101764.0,"4,1"
1392101764.0,1392101764.0,1
1392101765.0,1392101765.0,"4,1"
1392101765.0,1392101765.0,1
1392101766.0,1392101766.0,"4,1"
1392101766.0,1392101766.0,1
1392101767.0,1392101767.0,"4,1"
1392101767.0,1392101767.0,1
1392101768.0,1392101768.0,"4,1"
1392101768.0,1392101768.0,1
1392101769.0,1392101769.0,"4,1"
1392101769.0,1392101769.0,1
1392101770.0,1392101770.0,"4,1"
1392101770.0,1392101770.0,1
1392101771.0,1392101771.0,"4,1"
1392101771.0,1392101771.0,1
1392101772.0,1392101772.0,"4,1"
1392101772.0,1392101772.0,1
1392101773.0,1392101773.0,"4,1"
1392101773.0,1392101773.0,1
1392101774.0,1392101774.0,"4,1"
1392101774.0,1392101774.0,1
1392101775.0,1392101775.0,"4,1"
1392101775.0,1392101775.0,1
1392101776.0,1392101776.0,"4,1"
1392101776.0,1392101776.0,1
1392101777.0,1392101777.0,"4,1"
1392101777.0,1392101777.0,1
1392101778.0,1392101778.0,"4,1"
1392101778.0,1392101778.0,1
1392101779.0,1392101779.0,"4,1"
1392101779.0,1392101779.0,1
1392101780.0,1392101780.0,"4,1"
1392101780.0,1392101780.0,1
1392101781.0,1392101781.0,"4,1"
1392101781.0,1392101781.0,1
1392101782.0,1392101782.0,"4,1"
1392101782.0,1392101782.0,1
1392101783.0,1392101783.0,"4,1"
1392101783.0,1392101783.0,1
1392101784.0,1392101784.0,"4,1"
1392101784.0,1392101784.0,1
1392101785.0,1392101785.0,"4,1"
1392101785.0,1392101785.0,1
1392101786.0,1392101786.0,"4,1"
1392101786.0,1392101786.0,1
1392101787.0,1392101787.0,"4,1"
1392101787.0,1392101787.0,1
1392101788.0,1392101788.0,"4,1"
1392101788.0,1392101788.0,1
1392101789.0,1392101789.0,"4,1"
1392101789.0,1392101789.0,1
1392101790.0,1392101790.0,"4,1"
1392101790.0,1392101790.0,1
1392101791.0,1392101791.0,"4,1"
1392101791.0,1392101791.0,1
1392101792.0,1392101792.0,"4,1"
1392101792.0,1392101792.0,1
1392101793.0,1392101793.0,"4,1"
1392101793.0,1392101793.0,1
1392101794.0,1392101794.0,"4,1"
1392101794.0,1392101794.0,1
1392101795.0,1392101795.0,"4,1"
1392101795.0,1392101795.0,1
1392101796.0,1392101796.0,"4,1"
1392101796.0,1392101796.0,1
1392101797.0,1392101797.0,"4,1"
1392101797.0,1392101797.0,1
1392101798.0,1392101798.0,"4,1"
1392101798.0,1392101798.0,1
1392101799.0,1392101799.0,"4,1"
1392101799.0,1392101799.0,1
1392101800.0,1392101800.0,"4,1"
1392101800.0,1392101800.0,1
1392101801.0,1392101801.0,"4,1"
1392101801.0,1392101801.0,1
1392101802.0,1392101802.0,"4,1"
1392101802.0,1392101802.0,1
1392101803.0,1392101803.0,"4,1"
1392101803.0,1392101803.0,1
1392101804.0,1392101804.0,"4,1"
1392101804.0,1392101804.0,1
1392101805.0,1392101805.0,"4,1"
1392101805.0,1392101805.0,1
1392101806.0,1392101806.0,"4,1"
1392101806.0,1392101806.0,1
1392101807.0,1392101807.0,"4,1"
1392101807.0,1392101807.0,1
1392101808.0,1392101808.0,"4,1"
1392101808.0,1392101808.0,1
1392101809.0,1392101809.0,"4,1"
1392101809.0,1392101809.0,1
1392101810.0,1392101810.0,"4,1"
1392101810.0,1392101810.0,1
1392101811.0,1392101811.0,"4,1"
1392101811.0,1392101811.0,1
1392101812.0,1392101812.0,"4,1"
1392101812.0,1392101812.0,1
1392101813.0,1392101813.0,"4,1"
1392101813.0,1392101813.0,1
1392101814.0,1392101814.0,"4,1"
1392101814.0,1392101814.0,1
1392101815.0,1392101815.0,"4,1"
1392101815.0,1392101815.0,1
1392101816.0,1392101816.0,"4,1"
1392101816.0,1392101816.0,1
1392101817.0,1392101817.0,"4,1"
1392101817.0,1392101817.0,1
1392101818.0,1392101818.0,"4,1"
1392101818.0,1392101818.0,1
1392101819.0,1392101819.0,"4,1"
1392101819.0,1392101819.0,1
1392101820.0,1392101820.0,"4,1"
1392101820.0,1392101820.0,1
1392101821.0,1392101821.0,"4,1"
1392101821.0,1392101821.0,1
1392101822.0,1392101822.0,"4,1"
1392101822.0,1392101822.0,1
1392101823.0,1392101823.0,"4,1"
1392101823.0,1392101823.0,1
1392101824.0,1392101824.0,"4,1"
1392101824.0,1392101824.0,1
1392101825.0,1392101825.0,"4,1"
1392101825.0,1392101825.0,1
1392101826.0,1392101826.0,"4,1"
1392101826.0,1392101826.0,1
1392101827.0,1392101827.0,"4,1"
1392101827.0,1392101827.0,1
1392101828.0,1392101828.0,"4,1"
1392101828.0,1392101828.0,1
1392101829.0,1392101829.0,"4,1"
1392101829.0,1392101829.0,1
1392101830.0,1392101830.0,"4,1"
1392101830.0,1392101830.0,1
1392101831.0,1392101831.0,"4,1"
1392101831.0,1392101831.0,1
1392101832.0,1392101832.0,"4,1"
1392101832.0,1392101832.0,1
1392101833.0,1392101833.0,"4,1"
1392101833.0,1392101833.0,1
1392101834.0,1392101834.0,"4,1"
1392101834.0,1392101834.0,1
1392101835.0,1392101835.0,"4,1"
1392101835.0,1392101835.0,1
1392101836.0,1392101836.0,"4,1"
1392101836.0,1392101836.0,1
1392101837.0,1392101837.0,"4,1"
1392101837.0,1392101837.0,1
1392101838.0,1392101838.0,"4,1"
1392101838.0,1392101838.0,1
1392101839.0,1392101839.0,"4,1"
1392101839.0,1392101839.0,1
1392101840.0,1392101840.0,"4,1"
1392101840.0,1392101840.0,1
1392101841.0,1392101841.0,"4,1"
1392101841.0,1392101841.0,1
1392101842.0,1392101842.0,"4,1"
1392101842.0,1392101842.0,1
1392101843.0,1392101843.0,"4,1"
1392101843.0,1392101843.0,1
1392101844.0,1392101844.0,"4,1"
1392101844.0,1392101844.0,1
1392101845.0,1392101845.0,"4,1"
1392101845.0,1392101845.0,1
1392101846.0,1392101846.0,"4,1"
1392101846.0,1392101846.0,1
1392101847.0,1392101847.0,"4,1"
1392101847.0,1392101847.0,1
1392101848.0,1392101848.0,"4,1"
1392101848.0,1392101848.0,1
1392101849.0,1392101849.0,"4,1"
1392101849.0,1392101849.0,1
1392101850.0,1392101850.0,"4,1"
1392101850.0,1392101850.0,1
1392101851.0,1392101851.0,"4,1"
1392101851.0,1392101851.0,1
1392101852.0,1392101852.0,"4,1"
1392101852.0,1392101852.0,1
1392101853.0,1392101853.0,"4,1"
1392101853.0,1392101853.0,1
1392101854.0,1392101854.0,"4,1"
1392101854.0,1392101854.0,1
1392101855.0,1392101855.0,"4,1"
1392101855.0,1392101855.0,1
1392101856.0,1392101856.0,"4,1"
1392101856.0,1392101856.0,1
1392101857.0,1392101857.0,"4,1"
1392101857.0,1392101857.0,1
1392101858.0,1392101858.0,"4,1"
1392101858.0,1392101858.0,1
1392101859.0,1392101859.0,"4,1"
1392101859.0,1392101859.0,1
1392101860.0,1392101860.0,"4,1"
1392101860.0,1392101860.0,1
1392101861.0,1392101861.0,"4,1"
1392101861.0,1392101861.0,1
1392101862.0,1392101862.0,"4,1"
1392101862.0,1392101862.0,1
1392101863.0,1392101863.0,"4,1"
1392101863.0,1392101863.0,1
1392101864.0,1392101864.0,"4,1"
1392101864.0,1392101864.0,1
1392101865.0,1392101865.0,"4,1"
1392101865.0,1392101865.0,1
1392101866.0,1392101866.0,"4,1"
1392101866.0,1392101866.0,1
1392101867.0,1392101867.0,"4,1"
1392101867.0,1392101867.0,1
1392101868.0,1392101868.0,"4,1"
1392101868.0,1392101868.0,1
1392101869.0,1392101869.0,"4,1"
1392101869.0,1392101869.0,1
1392101870.0,1392101870.0,"4,1"
1392101870.0,1392101870.0,1
1392101871.0,1392101871.0,"4,1"
1392101871.0,1392101871.0,1
1392101872.0,1392101872.0,"4,1"
1392101872.0,1392101872.0,1
1392101873.0,1392101873.0,"4,1"
1392101873.0,1392101873.0,1
1392101874.0,1392101874.0,"4,1"
1392101874.0,1392101874.0,1
1392101875.0,1392101875.0,"4,1"
1392101875.0,1392101875.0,1
1392101876.0,1392101876.0,"4,1"
1392101876.0,1392101876.0,1
1392101877.0,1392101877.0,"4,1"
1392101877.0,1392101877.0,1
1392101878.0,1392101878.0,"4,1"
1392101878.0,1392101878.0,1
1392101879.0,1392101879.0,"4,1"
1392101879.0,1392101879.0,1
1392101880.0,1392101880.0,"4,1"
1392101880.0,1392101880.0,1
1392101881.0,1392101881.0,"4,1"
1392101881.0,1392101881.0,1
1392101882.0,1392101882.0,"4,1"
1392101882.0,1392101882.0,1
1392101883.0,1392101883.0,"4,1"
1392101883.0,1392101883.0,1
1392101884.0,1392101884.0,"4,1"
1392101884.0,1392101884.0,1
1392101885.0,1392101885.0,"4,1"
1392101885.0,1392101885.0,1
1392101886.0,1392101886.0,"4,1"
1392101886.0,1392101886.0,1
1392101887.0,1392101887.0,"4,1"
1392101887.0,1392101887.0,1
1392101888.0,1392101888.0,"4,1"
1392101888.0,1392101888.0,1
1392101889.0,1392101889.0,"4,1"
1392101889.0,1392101889.0,1
1392101890.0,1392101890.0,"4,1"
1392101890.0,1392101890.0,1
1392101891.0,1392101891.0,"4,1"
1392101891.0,1392101891.0,1
1392101892.0,1392101892.0,"4,1"
1392101892.0,1392101892.0,1
1392101893.0,1392101893.0,"4,1"
1392101893.0,1392101893.0,1
1392101894.0,1392101894.0,"4,1"
1392101894.0,1392101894.0,1
1392101895.0,1392101895.0,"4,1"
1392101895.0,1392101895.0,1
1392101896.0,1392101896.0,"4,1"
1392101896.0,1392101896.0,1
1392101897.0,1392101897.0,"4,1"
1392101897.0,1392101897.0,1
1392101898.0,1392101898.0,"4,1"
1392101898.0,1392101898.0,1
1392101899.0,1392101899.0,"4,1"
1392101899.0,1392101899.0,1
1392101900.0,1392101900.0,"4,1"
1392101900.0,1392101900.0,1
1392101901.0,1392101901.0,"4,1"
1392101901.0,1392101901.0,1
1392101902.0,1392101902.0,"4,1"
1392101902.0,1392101902.0,1
1392101903.0,1392101903.0,"4,1"
1392101903.0,1392101903.0,1
1392101904.0,1392101904.0,"4,1"
1392101904.0,1392101904.0,1
1392101905.0,1392101905.0,"4,1"
1392101905.0,1392101905.0,1
1392101906.0,1392101906.0,"4,1"
1392101906.0,1392101906.0,1
1392101907.0,1392101907.0,"4,1"
1392101907.0,1392101907.0,1
1392101908.0,1392101908.0,"4,1"
1392101908.0,1392101908.0,1
1392101909.0,1392101909.0,"4,1"
1392101909.0,1392101909.0,1
1392101910.0,1392101910.0,"4,1"
1392101910.0,1392101910.0,1
1392101911.0,1392101911.0,"4,1"
1392101911.0,1392101911.0,1
1392101912.0,1392101912.0,"4,1"
1392101912.0,1392101912.0,1
1392101913.0,1392101913.0,"4,1"
1392101913.0,1392101913.0,1
1392101914.0,1392101914.0,"4,1"
1392101914.0,1392101914.0,1
1392101915.0,1392101915.0,"4,1"
1392101915.0,1392101915.0,1
1392101916.0,1392101916.0,"4,1"
1392101916.0,1392101916.0,1
1392101917.0,1392101917.0,"4,1"
1392101917.0,1392101917.0,1
1392101918.0,1392101918.0,"4,1"
1392101918.0,1392101918.0,1
1392101919.0,1392101919.0,"4,1"
1392101919.0,1392101919.0,1
1392101920.0,1392101920.0,"4,1"
1392101920.0,1392101920.0,1
1392101921.0,1392101921.0,"4,1"
1392101921.0,1392101921.0,1
1392101922.0,1392101922.0,"4,1"
1392101922.0,1392101922.0,1
1392101923.0,1392101923.0,"4,1"
1392101923.0,1392101923.0,1
1392101924.0,1392101924.0,"4,1"
1392101924.0,1392101924.0,1
1392101925.0,1392101925.0,"4,1"
1392101925.0,1392101925.0,1
1392101926.0,1392101926.0,"4,1"
1392101926.0,1392101926.0,1
1392101927.0,1392101927.0,"4,1"
1392101927.0,1392101927.0,1
1392101928.0,1392101928.0,"4,1"
1392101928.0,1392101928.0,1
1392101929.0,1392101929.0,"4,1"
1392101929.0,1392101929.0,1
1392101930.0,1392101930.0,"4,1"
1392101930.0,1392101930.0,1
1392101931.0,1392101931.0,"4,1"
1392101931.0,1392101931.0,1
1392101932.0,1392101932.0,"4,1"
1392101932.0,1392101932.0,1
1392101933.0,1392101933.0,"4,1"
1392101933.0,1392101933.0,1
1392101934.0,1392101934.0,"4,1"
1392101934.0,1392101934.0,1
1392101935.0,1392101935.0,"4,1"
1392101935.0,1392101935.0,1
1392101936.0,1392101936.0,"4,1"
1392101936.0,1392101936.0,1
1392101937.0,1392101937.0,"4,1"
1392101937.0,1392101937.0,1
1392101938.0,1392101938.0,"4,1"
1392101938.0,1392101938.0,1
1392101939.0,1392101939.0,"4,1"
1392101939.0,1392101939.0,1
1392101940.0,1392101940.0,"4,1"
1392101940.0,1392101940.0,1
1392101941.0,1392101941.0,"4,1"
1392101941.0,1392101941.0,1
1392101942.0,1392101942.0,"4,1"
1392101942.0,1392101942.0,1
1392101943.0,1392101943.0,"4,1"
1392101943.0,1392101943.0,1
1392101944.0,1392101944.0,"4,1"
1392101944.0,1392101944.0,1
1392101945.0,1392101945.0,"4,1"
1392101945.0,1392101945.0,1
1392101946.0,1392101946.0,"4,1"
1392101946.0,1392101946.0,1
1392101947.0,1392101947.0,"4,1"
1392101947.0,1392101947.0,1
1392101948.0,1392101948.0,"4,1"
1392101948.0,1392101948.0,1
1392101949.0,1392101949.0,"4,1"
1392101949.0,1392101949.0,1
1392101950.0,1392101950.0,"4,1"
1392101950.0,1392101950.0,1
1392101951.0,1392101951.0,"4,1"
1392101951.0,1392101951.0,1
1392101952.0,1392101952.0,"4,1"
1392101952.0,1392101952.0,1
1392101953.0,1392101953.0,"4,1"
1392101953.0,1392101953.0,1
1392101954.0,1392101954.0,"4,1"
1392101954.0,1392101954.0,1
1392101955.0,1392101955.0,"4,1"
1392101955.0,1392101955.0,1
1392101956.0,1392101956.0,"4,1"
1392101956.0,1392101956.0,1
1392101957.0,1392101957.0,"4,1"
1392101957.0,1392101957.0,1
1392101958.0,1392101958.0,"4,1"
1392101958.0,1392101958.0,1
1392101959.0,1392101959.0,"4,1"
1392101959.0,1392101959.0,1
1392101960.0,1392101960.0,"4,1"
1392101960.0,1392101960.0,1
1392101961.0,1392101961.0,"4,1"
1392101961.0,1392101961.0,1
1392101962.0,1392101962.0,"4,1"
1392101962.0,1392101962.0,1
1392101963.0,1392101963.0,"4,1"
1392101963.0,1392101963.0,1
1392101964.0,1392101964.0,"4,1"
1392101964.0,1392101964.0,1
1392101965.0,1392101965.0,"4,1"
1392101965.0,1392101965.0,1
1392101966.0,1392101966.0,"4,1"
1392101966.0,1392101966.0,1
1392101967.0,1392101967.0,"4,1"
1392101967.0,1392101967.0,1
1392101968.0,1392101968.0,"4,1"
1392101968.0,1392101968.0,1
1392101969.0,1392101969.0,"4,1"
1392101969.0,1392101969.0,1
1392101970.0,1392101970.0,"4,1"
1392101970.0,1392101970.0,1
1392101971.0,1392101971.0,"4,1"
1392101971.0,1392101971.0,1
1392101972.0,1392101972.0,"4,1"
1392101972.0,1392101972.0,1
1392101973.0,1392101973.0,"4,1"
1392101973.0,1392101973.0,1
1392101974.0,1392101974.0,"4,1"
1392101974.0,1392101974.0,1
1392101975.0,1392101975.0,"4,1"
1392101975.0,1392101975.0,1
1392101976.0,1392101976.0,"4,1"
1392101976.0,1392101976.0,1
1392101977.0,1392101977.0,"4,1"
1392101977.0,1392101977.0,1
1392101978.0,1392101978.0,"4,1"
1392101978.0,1392101978.0,1
1392101979.0,1392101979.0,"4,1"
1392101979.0,1392101979.0,1
1392101980.0,1392101980.0,"4,1"
1392101980.0,1392101980.0,1
1392101981.0,1392101981.0,"4,1"
1392101981.0,1392101981.0,1
1392101982.0,1392101982.0,"4,1"
1392101982.0,1392101982.0,1
1392101983.0,1392101983.0,"4,1"
1392101983.0,1392101983.0,1
1392101984.0,1392101984.0,"4,1"
1392101984.0,1392101984.0,1
1392101985.0,1392101985.0,"4,1"
1392101985.0,1392101985.0,1
1392101986.0,1392101986.0,"4,1"
1392101986.0,1392101986.0,1
1392101987.0,1392101987.0,"4,1"
1392101987.0,1392101987.0,1
1392101988.0,1392101988.0,"4,1"
1392101988.0,1392101988.0,1
1392101989.0,1392101989.0,"4,1"
1392101989.0,1392101989.0,1
1392101990.0,1392101990.0,"4,1"
1392101990.0,1392101990.0,1
1392101991.0,1392101991.0,"4,1"
1392101991.0,1392101991.0,1
1392101992.0,1392101992.0,"4,1"
1392101992.0,1392101992.0,1
1392101993.0,1392101993.0,"4,1"
1392101993.0,1392101993.0,1
1392101994.0,1392101994.0,"4,1"
1392101994.0,1392101994.0,1
1392101995.0,1392101995.0,"4,1"
1392101995.0,1392101995.0,1
1392101996.0,1392101996.0,"4,1"
1392101996.0,1392101996.0,1
1392101997.0,1392101997.0,"4,1"
1392101997.0,1392101997.0,1
1392101998.0,1392101998.0,"4,1"
1392101998.0,1392101998.0,1
1392101999.0,1392101999.0,"4,1"
1392101999.0,1392101999.0,1
1392102000.0,1392102000.0,"4,1"
1392102000.0,1392102000.0,1
1392102001.0,1392102001.0,"4,1"
1392102001.0,1392102001.0,1
1392102002.0,1392102002.0,"4,1"
1392102002.0,1392102002.0,1
1392102003.0,1392102003.0,"4,1"
1392102003.0,1392102003.0,1
1392102004.0,1392102004.0,"4,1"
1392102004.0,1392102004.0,1
1392102005.0,1392102005.0,"4,1"
1392102005.0,1392102005.0,1
1392102006.0,1392102006.0,"4,1"
1392102006.0,1392102006.0,1
1392102007.0,1392102007.0,"4,1"
1392102007.0,1392102007.0,1
1392102008.0,1392102008.0,"4,1"
1392102008.0,1392102008.0,1
1392102009.0,1392102009.0,"4,1"
1392102009.0,1392102009.0,1
1392102010.0,1392102010.0,"4,1"
1392102010.0,1392102010.0,1
1392102011.0,1392102011.0,"4,1"
1392102011.0,1392102011.0,1
1392102012.0,1392102012.0,"4,1"
1392102012.0,1392102012.0,1
1392102013.0,1392102013.0,"4,1"
1392102013.0,1392102013.0,1
1392102014.0,1392102014.0,"4,1"
1392102014.0,1392102014.0,1
1392102015.0,1392102015.0,"4,1"
1392102015.0,1392102015.0,1
1392102016.0,1392102016.0,"4,1"
1392102016.0,1392102016.0,1
1392102017.0,1392102017.0,"4,1"
1392102017.0,1392102017.0,1
1392102018.0,1392102018.0,"4,1"
1392102018.0,1392102018.0,1
1392102019.0,1392102019.0,"4,1"
1392102019.0,1392102019.0,1
1392102020.0,1392102020.0,"4,1"
1392102020.0,1392102020.0,1
1392102021.0,1392102021.0,"4,1"
1392102021.0,1392102021.0,1
1392102022.0,1392102022.0,"4,1"
1392102022.0,1392102022.0,1
1392102023.0,1392102023.0,"4,1"
1392102023.0,1392102023.0,1
1392102024.0,1392102024.0,"4,1"
1392102024.0,1392102024.0,1
1392102025.0,1392102025.0,"4,1"
1392102025.0,1392102025.0,1
1392102026.0,1392102026.0,"4,1"
1392102026.0,1392102026.0,1
1392102027.0,1392102027.0,"4,1"
1392102027.0,1392102027.0,1
1392102028.0,1392102028.0,"4,1"
1392102028.0,1392102028.0,1
1392102029.0,1392102029.0,"4,1"
1392102029.0,1392102029.0,1
1392102030.0,1392102030.0,"4,1"
1392102030.0,1392102030.0,1
1392102031.0,1392102031.0,"4,1"
1392102031.0,1392102031.0,1
1392102032.0,1392102032.0,"4,1"
1392102032.0,1392102032.0,1
1392102033.0,1392102033.0,"4,1"
1392102033.0,1392102033.0,1
1392102034.0,1392102034.0,"4,1"
1392102034.0,1392102034.0,1
1392102035.0,1392102035.0,"4,1"
1392102035.0,1392102035.0,1
1392102036.0,1392102036.0,"4,1"
1392102036.0,1392102036.0,1
1392102037.0,1392102037.0,"4,1"
1392102037.0,1392102037.0,1
1392102038.0,1392102038.0,"4,1"
1392102038.0,1392102038.0,1
1392102039.0,1392102039.0,"4,1"
1392102039.0,1392102039.0,1
1392102040.0,1392102040.0,"4,1"
1392102040.0,1392102040.0,1
1392102041.0,1392102041.0,"4,1"
1392102041.0,1392102041.0,1
1392102042.0,1392102042.0,"4,1"
1392102042.0,1392102042.0,1
1392102043.0,1392102043.0,"4,1"
1392102043.0,1392102043.0,1
1392102044.0,1392102044.0,"4,1"
1392102044.0,1392102044.0,1
1392102045.0,1392102045.0,"4,1"
1392102045.0,1392102045.0,1
1392102046.0,1392102046.0,"4,1"
1392102046.0,1392102046.0,1
1392102047.0,1392102047.0,"4,1"
1392102047.0,1392102047.0,1
1392102048.0,1392102048.0,"4,1"
1392102048.0,1392102048.0,1
1392102049.0,1392102049.0,"4,1"
1392102049.0,1392102049.0,1
1392102050.0,1392102050.0,"4,1"
1392102050.0,1392102050.0,1
1392102051.0,1392102051.0,"4,1"
1392102051.0,1392102051.0,1
1392102052.0,1392102052.0,"4,1"
1392102052.0,1392102052.0,1
1392102053.0,1392102053.0,"4,1"
1392102053.0,1392102053.0,1
1392102054.0,1392102054.0,"4,1"
1392102054.0,1392102054.0,1
1392102055.0,1392102055.0,"4,1"
1392102055.0,1392102055.0,1
1392102056.0,1392102056.0,"4,1"
1392102056.0,1392102056.0,1
1392102057.0,1392102057.0,"4,1"
1392102057.0,1392102057.0,1
1392102058.0,1392102058.0,"4,1"
1392102058.0,1392102058.0,1
1392102059.0,1392102059.0,"4,1"
1392102059.0,1392102059.0,1
1392102060.0,1392102060.0,"4,1"
1392102060.0,1392102060.0,1
1392102061.0,1392102061.0,"4,1"
1392102061.0,1392102061.0,1
1392102062.0,1392102062.0,"4,1"
1392102062.0,1392102062.0,1
1392102063.0,1392102063.0,"4,1"
1392102063.0,1392102063.0,1
1392102064.0,1392102064.0,"4,1"
1392102064.0,1392102064.0,1
1392102065.0,1392102065.0,"4,1"
1392102065.0,1392102065.0,1
1392102066.0,1392102066.0,"4,1"
1392102066.0,1392102066.0,1
1392102067.0,1392102067.0,"4,1"
1392102067.0,1392102067.0,1
1392102068.0,1392102068.0,"4,1"
1392102068.0,1392102068.0,1
1392102069.0,1392102069.0,"4,1"
1392102069.0,1392102069.0,1
1392102070.0,1392102070.0,"4,1"
1392102070.0,1392102070.0,1
1392102071.0,1392102071.0,"4,1"
1392102071.0,1392102071.0,1
1392102072.0,1392102072.0,"4,1"
1392102072.0,1392102072.0,1
1392102073.0,1392102073.0,"4,1"
1392102073.0,1392102073.0,1
1392102074.0,1392102074.0,"4,1"
1392102074.0,1392102074.0,1
1392102075.0,1392102075.0,"4,1"
1392102075.0,1392102075.0,1
1392102076.0,1392102076.0,"4,1"
1392102076.0,1392102076.0,1
1392102077.0,1392102077.0,"4,1"
1392102077.0,1392102077.0,1
1392102078.0,1392102078.0,"4,1"
1392102078.0,1392102078.0,1
1392102079.0,1392102079.0,"4,1"
1392102079.0,1392102079.0,1
1392102080.0,1392102080.0,"4,1"
1392102080.0,1392102080.0,1
1392102081.0,1392102081.0,"4,1"
1392102081.0,1392102081.0,1
1392102082.0,1392102082.0,"4,1"
1392102082.0,1392102082.0,1
1392102083.0,1392102083.0,"4,1"
1392102083.0,1392102083.0,1
1392102084.0,1392102084.0,"4,1"
1392102084.0,1392102084.0,1
1392102085.0,1392102085.0,"4,1"
1392102085.0,1392102085.0,1
1392102086.0,1392102086.0,"4,1"
1392102086.0,1392102086.0,1
1392102087.0,1392102087.0,"4,1"
1392102087.0,1392102087.0,1
1392102088.0,1392102088.0,"4,1"
1392102088.0,1392102088.0,1
1392102089.0,1392102089.0,"4,1"
1392102089.0,1392102089.0,1
1392102090.0,1392102090.0,"4,1"
1392102090.0,1392102090.0,1
1392102091.0,1392102091.0,"4,1"
1392102091.0,1392102091.0,1
1392102092.0,1392102092.0,"4,1"
1392102092.0,1392102092.0,1
1392102093.0,1392102093.0,"4,1"
1392102093.0,1392102093.0,1
1392102094.0,1392102094.0,"4,1"
1392102094.0,1392102094.0,1
1392102095.0,1392102095.0,"4,1"
1392102095.0,1392102095.0,1
1392102096.0,1392102096.0,"4,1"
1392102096.0,1392102096.0,1
1392102097.0,1392102097.0,"4,1"
1392102097.0,1392102097.0,1
1392102098.0,1392102098.0,"4,1"
1392102098.0,1392102098.0,1
1392102099.0,1392102099.0,"4,1"
1392102099.0,1392102099.0,1
1392102100.0,1392102100.0,"4,1"
1392102100.0,1392102100.0,1
1392102101.0,1392102101.0,"4,1"
1392102101.0,1392102101.0,1
1392102102.0,1392102102.0,"4,1"
1392102102.0,1392102102.0,1
1392102103.0,1392102103.0,"4,1"
1392102103.0,1392102103.0,1
1392102104.0,1392102104.0,"4,1"
1392102104.0,1392102104.0,1
1392102105.0,1392102105.0,"4,1"
1392102105.0,1392102105.0,1
1392102106.0,1392102106.0,"4,1"
1392102106.0,1392102106.0,1
1392102107.0,1392102107.0,"4,1"
1392102107.0,1392102107.0,1
1392102108.0,1392102108.0,"4,1"
1392102108.0,1392102108.0,1
1392102109.0,1392102109.0,"4,1"
1392102109.0,1392102109.0,1
1392102110.0,1392102110.0,"4,1"
1392102110.0,1392102110.0,1
1392102111.0,1392102111.0,"4,1"
1392102111.0,1392102111.0,1
1392102112.0,1392102112.0,"4,1"
1392102112.0,1392102112.0,1
1392102113.0,1392102113.0,"4,1"
1392102113.0,1392102113.0,1
1392102114.0,1392102114.0,"4,1"
1392102114.0,1392102114.0,1
1392102115.0,1392102115.0,"4,1"
1392102115.0,1392102115.0,1
1392102116.0,1392102116.0,"4,1"
1392102116.0,1392102116.0,1
1392102117.0,1392102117.0,"4,1"
1392102117.0,1392102117.0,1
1392102118.0,1392102118.0,"4,1"
1392102118.0,1392102118.0,1
1392102119.0,1392102119.0,"4,1"
1392102119.0,1392102119.0,1
1392102120.0,1392102120.0,"4,1"
1392102120.0,1392102120.0,1
1392102121.0,1392102121.0,"4,1"
1392102121.0,1392102121.0,1
1392102122.0,1392102122.0,"4,1"
1392102122.0,1392102122.0,1
1392102123.0,1392102123.0,"4,1"
1392102123.0,1392102123.0,1
1392102124.0,1392102124.0,"4,1"
1392102124.0,1392102124.0,1
1392102125.0,1392102125.0,"4,1"
1392102125.0,1392102125.0,1
1392102126.0,1392102126.0,"4,1"
1392102126.0,1392102126.0,1
1392102127.0,1392102127.0,"4,1"
1392102127.0,1392102127.0,1
1392102128.0,1392102128.0,"4,1"
1392102128.0,1392102128.0,1
1392102129.0,1392102129.0,"4,1"
1392102129.0,1392102129.0,1
1392102130.0,1392102130.0,"4,1"
1392102130.0,1392102130.0,1
1392102131.0,1392102131.0,"4,1"
1392102131.0,1392102131.0,1
1392102132.0,1392102132.0,"4,1"
1392102132.0,1392102132.0,1
1392102133.0,1392102133.0,"4,1"
1392102133.0,1392102133.0,1
1392102134.0,1392102134.0,"4,1"
1392102134.0,1392102134.0,1
1392102135.0,1392102135.0,"4,1"
1392102135.0,1392102135.0,1
1392102136.0,1392102136.0,"4,1"
1392102136.0,1392102136.0,1
1392102137.0,1392102137.0,"4,1"
1392102137.0,1392102137.0,1
1392102138.0,1392102138.0,"4,1"
1392102138.0,1392102138.0,1
1392102139.0,1392102139.0,"4,1"
1392102139.0,1392102139.0,1
1392102140.0,1392102140.0,"4,1"
1392102140.0,1392102140.0,1
1392102141.0,1392102141.0,"4,1"
1392102141.0,1392102141.0,1
1392102142.0,1392102142.0,"4,1"
1392102142.0,1392102142.0,1
1392102143.0,1392102143.0,"4,1"
1392102143.0,1392102143.0,1
1392102144.0,1392102144.0,"4,1"
1392102144.0,1392102144.0,1
1392102145.0,1392102145.0,"4,1"
1392102145.0,1392102145.0,1
1392102146.0,1392102146.0,"4,1"
1392102146.0,1392102146.0,1
1392102147.0,1392102147.0,"4,1"
1392102147.0,1392102147.0,1
1392102148.0,1392102148.0,"4,1"
1392102148.0,1392102148.0,1
1392102149.0,1392102149.0,"4,1"
1392102149.0,1392102149.0,1
1392102150.0,1392102150.0,"4,1"
1392102150.0,1392102150.0,1
1392102151.0,1392102151.0,"4,1"
1392102151.0,1392102151.0,1
1392102152.0,1392102152.0,"4,1"
1392102152.0,1392102152.0,1
1392102153.0,1392102153.0,"4,1"
1392102153.0,1392102153.0,1
1392102154.0,1392102154.0,"4,1"
1392102154.0,1392102154.0,1
1392102155.0,1392102155.0,"4,1"
1392102155.0,1392102155.0,1
1392102156.0,1392102156.0,"4,1"
1392102156.0,1392102156.0,1
1392102157.0,1392102157.0,"4,1"
1392102157.0,1392102157.0,1
1392102158.0,1392102158.0,"4,1"
1392102158.0,1392102158.0,1
1392102159.0,1392102159.0,"4,1"
1392102159.0,1392102159.0,1
1392102160.0,1392102160.0,"4,1"
1392102160.0,1392102160.0,1
1392102161.0,1392102161.0,"4,1"
1392102161.0,1392102161.0,1
1392102162.0,1392102162.0,"4,1"
1392102162.0,1392102162.0,1
1392102163.0,1392102163.0,"4,1"
1392102163.0,1392102163.0,1
1392102164.0,1392102164.0,"4,1"
1392102164.0,1392102164.0,1
1392102165.0,1392102165.0,"4,1"
1392102165.0,1392102165.0,1
1392102166.0,1392102166.0,"4,1"
1392102166.0,1392102166.0,1
1392102167.0,1392102167.0,"4,1"
1392102167.0,1392102167.0,1
1392102168.0,1392102168.0,"4,1"
1392102168.0,1392102168.0,1
1392102169.0,1392102169.0,"4,1"
1392102169.0,1392102169.0,1
1392102170.0,1392102170.0,"4,1"
1392102170.0,1392102170.0,1
1392102171.0,1392102171.0,"4,1"
1392102171.0,1392102171.0,1
1392102172.0,1392102172.0,"4,1"
1392102172.0,1392102172.0,1
1392102173.0,1392102173.0,"4,1"
1392102173.0,1392102173.0,1
1392102174.0,1392102174.0,"4,1"
1392102174.0,1392102174.0,1
1392102175.0,1392102175.0,"4,1"
1392102175.0,1392102175.0,1
1392102176.0,1392102176.0,"4,1"
1392102176.0,1392102176.0,1
1392102177.0,1392102177.0,"4,1"
1392102177.0,1392102177.0,1
1392102178.0,1392102178.0,"4,1"
1392102178.0,1392102178.0,1
1392102179.0,1392102179.0,"4,1"
1392102179.0,1392102179.0,1
1392102180.0,1392102180.0,"4,1"
1392102180.0,1392102180.0,1
1392102181.0,1392102181.0,"4,1"
1392102181.0,1392102181.0,1
1392102182.0,1392102182.0,"4,1"
1392102182.0,1392102182.0,1
1392102183.0,1392102183.0,"4,1"
1392102183.0,1392102183.0,1
1392102184.0,1392102184.0,"4,1"
1392102184.0,1392102184.0,1
1392102185.0,1392102185.0,"4,1"
1392102185.0,1392102185.0,1
1392102186.0,1392102186.0,"4,1"
1392102186.0,1392102186.0,1
1392102187.0,1392102187.0,"4,1"
1392102187.0,1392102187.0,1
1392102188.0,1392102188.0,"4,1"
1392102188.0,1392102188.0,1
1392102189.0,1392102189.0,"4,1"
1392102189.0,1392102189.0,1
1392102190.0,1392102190.0,"4,1"
1392102190.0,1392102190.0,1
1392102191.0,1392102191.0,"4,1"
1392102191.0,1392102191.0,1
1392102192.0,1392102192.0,"4,1"
1392102192.0,1392102192.0,1
1392102193.0,1392102193.0,"4,1"
1392102193.0,1392102193.0,1
1392102194.0,1392102194.0,"4,1"
1392102194.0,1392102194.0,1
1392102195.0,1392102195.0,"4,1"
1392102195.0,1392102195.0,1
1392102196.0,1392102196.0,"4,1"
1392102196.0,1392102196.0,1
1392102197.0,1392102197.0,"4,1"
1392102197.0,1392102197.0,1
1392102198.0,1392102198.0,"4,1"
1392102198.0,1392102198.0,1
1392102199.0,1392102199.0,"4,1"
1392102199.0,1392102199.0,1
1392102200.0,1392102200.0,"4,1"
1392102200.0,1392102200.0,1
1392102201.0,1392102201.0,"4,1"
1392102201.0,1392102201.0,1
1392102202.0,1392102202.0,"4,1"
1392102202.0,1392102202.0,1
1392102203.0,1392102203.0,"4,1"
1392102203.0,1392102203.0,1
1392102204.0,1392102204.0,"4,1"
1392102204.0,1392102204.0,1
1392102205.0,1392102205.0,"4,1"
1392102205.0,1392102205.0,1
1392102206.0,1392102206.0,"4,1"
1392102206.0,1392102206.0,1
1392102207.0,1392102207.0,"4,1"
1392102207.0,1392102207.0,1
1392102208.0,1392102208.0,"4,1"
1392102208.0,1392102208.0,1
1392102209.0,1392102209.0,"4,1"
1392102209.0,1392102209.0,1
1392102210.0,1392102210.0,"4,1"
1392102210.0,1392102210.0,1
1392102211.0,1392102211.0,"4,1"
1392102211.0,1392102211.0,1
1392102212.0,1392102212.0,"4,1"
1392102212.0,1392102212.0,1
1392102213.0,1392102213.0,"4,1"
1392102213.0,1392102213.0,1
1392102214.0,1392102214.0,"4,1"
1392102214.0,1392102214.0,1
1392102215.0,1392102215.0,"4,1"
1392102215.0,1392102215.0,1
1392102216.0,1392102216.0,"4,1"
1392102216.0,1392102216.0,1
1392102217.0,1392102217.0,"4,1"
1392102217.0,1392102217.0,1
1392102218.0,1392102218.0,"4,1"
1392102218.0,1392102218.0,1
1392102219.0,1392102219.0,"4,1"
1392102219.0,1392102219.0,1
1392102220.0,1392102220.0,"4,1"
1392102220.0,1392102220.0,1
1392102221.0,1392102221.0,"4,1"
1392102221.0,1392102221.0,1
1392102222.0,1392102222.0,"4,1"
1392102222.0,1392102222.0,1
1392102223.0,1392102223.0,"4,1"
1392102223.0,1392102223.0,1
1392102224.0,1392102224.0,"4,1"
1392102224.0,1392102224.0,1
1392102225.0,1392102225.0,"4,1"
1392102225.0,1392102225.0,1
1392102226.0,1392102226.0,"4,1"
1392102226.0,1392102226.0,1
1392102227.0,1392102227.0,"4,1"
1392102227.0,1392102227.0,1
1392102228.0,1392102228.0,"4,1"
1392102228.0,1392102228.0,1
1392102229.0,1392102229.0,"4,1"
1392102229.0,1392102229.0,1
1392102230.0,1392102230.0,"4,1"
1392102230.0,1392102230.0,1
1392102231.0,1392102231.0,"4,1"
1392102231.0,1392102231.0,1
1392102232.0,1392102232.0,"4,1"
1392102232.0,1392102232.0,1
1392102233.0,1392102233.0,"4,1"
1392102233.0,1392102233.0,1
1392102234.0,1392102234.0,"4,1"
1392102234.0,1392102234.0,1
1392102235.0,1392102235.0,"4,1"
1392102235.0,1392102235.0,1
1392102236.0,1392102236.0,"4,1"
1392102236.0,1392102236.0,1
1392102237.0,1392102237.0,"4,1"
1392102237.0,1392102237.0,1
1392102238.0,1392102238.0,"4,1"
1392102238.0,1392102238.0,1
1392102239.0,1392102239.0,"4,1"
1392102239.0,1392102239.0,1
1392102240.0,1392102240.0,"4,1"
1392102240.0,1392102240.0,1
1392102241.0,1392102241.0,"4,1"
1392102241.0,1392102241.0,1
1392102242.0,1392102242.0,"4,1"
1392102242.0,1392102242.0,1
1392102243.0,1392102243.0,"4,1"
1392102243.0,1392102243.0,1
1392102244.0,1392102244.0,"4,1"
1392102244.0,1392102244.0,1
1392102245.0,1392102245.0,"4,1"
1392102245.0,1392102245.0,1
1392102246.0,1392102246.0,"4,1"
1392102246.0,1392102246.0,1
1392102247.0,1392102247.0,"4,1"
1392102247.0,1392102247.0,1
1392102248.0,1392102248.0,"4,1"
1392102248.0,1392102248.0,1
1392102249.0,1392102249.0,"4,1"
1392102249.0,1392102249.0,1
1392102250.0,1392102250.0,"4,1"
1392102250.0,1392102250.0,1
1392102251.0,1392102251.0,"4,1"
1392102251.0,1392102251.0,1
1392102252.0,1392102252.0,"4,1"
1392102252.0,1392102252.0,1
1392102253.0,1392102253.0,"4,1"
1392102253.0,1392102253.0,1
1392102254.0,1392102254.0,"4,1"
1392102254.0,1392102254.0,1
1392102255.0,1392102255.0,"4,1"
1392102255.0,1392102255.0,1
1392102256.0,1392102256.0,"4,1"
1392102256.0,1392102256.0,1
1392102257.0,1392102257.0,"4,1"
1392102257.0,1392102257.0,1
1392102258.0,1392102258.0,"4,1"
1392102258.0,1392102258.0,1
1392102259.0,1392102259.0,"4,1"
1392102259.0,1392102259.0,1
1392102260.0,1392102260.0,"4,1"
1392102260.0,1392102260.0,1
1392102261.0,1392102261.0,"4,1"
1392102261.0,1392102261.0,1
1392102262.0,1392102262.0,"4,1"
1392102262.0,1392102262.0,1
1392102263.0,1392102263.0,"4,1"
1392102263.0,1392102263.0,1
1392102264.0,1392102264.0,"4,1"
1392102264.0,1392102264.0,1
1392102265.0,1392102265.0,"4,1"
1392102265.0,1392102265.0,1
1392102266.0,1392102266.0,"4,1"
1392102266.0,1392102266.0,1
1392102267.0,1392102267.0,"4,1"
1392102267.0,1392102267.0,1
1392102268.0,1392102268.0,"4,1"
1392102268.0,1392102268.0,1
1392102269.0,1392102269.0,"4,1"
1392102269.0,1392102269.0,1
1392102270.0,1392102270.0,"4,1"
1392102270.0,1392102270.0,1
1392102271.0,1392102271.0,"4,1"
1392102271.0,1392102271.0,1
1392102272.0,1392102272.0,"4,1"
1392102272.0,1392102272.0,1
1392102273.0,1392102273.0,"4,1"
1392102273.0,1392102273.0,1
1392102274.0,1392102274.0,"4,1"
1392102274.0,1392102274.0,1
1392102275.0,1392102275.0,"4,1"
1392102275.0,1392102275.0,1
1392102276.0,1392102276.0,"4,1"
1392102276.0,1392102276.0,1
1392102277.0,1392102277.0,"4,1"
1392102277.0,1392102277.0,1
1392102278.0,1392102278.0,"4,1"
1392102278.0,1392102278.0,1
1392102279.0,1392102279.0,"4,1"
